Time     ActTimer PreLEQ LEQ[dB] LEQ_dt MIN_dt MAX_dt LcPeak LcPeak_dt SPL_Act OVER_dt OVER_Hold UNDER_dt
00:00:15 00:00:00    0.0    59.0   59.0   52.0   73.3   92.5      92.5    61.3       0         0        0
00:00:30 00:00:00   59.0    57.6   57.6   52.4   61.9   82.4      82.4    54.4       0         0        0
00:00:45 00:00:00   57.6    57.9   57.9   52.4   61.9   85.0      85.0    54.5       0         0        0
00:01:00 00:00:00   57.9    62.0   62.0   53.7   67.9   85.4      85.4    60.8       0         0        0
00:01:15 00:00:00   62.0    60.5   60.5   53.8   67.0   85.3      85.3    61.3       0         0        0
00:01:30 00:00:00   60.5    57.8   57.8   52.4   61.8   83.8      83.8    53.8       0         0        0
00:01:45 00:00:00   57.8    62.7   62.7   53.7   67.9   85.4      85.4    54.1       0         0        0
00:02:00 00:00:00   62.7    59.9   59.9   53.8   65.6   85.5      85.5    59.9       0         0        0
00:02:15 00:00:00   59.9    56.6   56.7   52.4   61.0   82.4      82.4    57.3       0         0        0
00:02:30 00:00:00   56.6    58.0   58.0   52.4   61.9   85.1      85.1    54.3       0         0        0
00:02:45 00:00:00   58.0    62.7   62.7   53.7   67.9   85.3      85.3    57.3       0         0        0
00:03:00 00:00:00   62.7    59.7   59.7   53.8   65.6   85.4      85.4    61.4       0         0        0
00:03:15 00:00:00   59.7    56.8   56.9   52.4   61.5   82.3      82.3    57.8       0         0        0
00:03:30 00:00:00   56.8    58.1   58.1   52.4   61.8   85.0      85.0    55.2       0         0        0
00:03:45 00:00:00   58.1    57.8   57.8   52.5   61.8   85.0      85.0    53.1       0         0        0
00:04:00 00:00:00   57.8    61.4   61.4   52.6   67.8   85.5      85.5    67.5       0         0        0
00:04:15 00:00:00   61.4    61.0   61.0   53.7   67.5   85.4      85.4    58.5       0         0        0
00:04:30 00:00:00   61.0    58.1   58.1   52.4   61.8   85.2      85.2    60.0       0         0        0
00:04:45 00:00:00   58.1    62.2   62.2   53.7   67.8   85.5      85.5    65.6       0         0        0
00:05:00 00:00:00   62.2    60.2   60.3   53.8   67.0   85.5      85.5    60.1       0         0        0
00:05:15 00:00:00   60.2    57.2   57.2   52.4   61.9   82.4      82.4    59.4       0         0        0
00:05:30 00:00:00   57.2    58.0   58.0   52.4   61.8   85.2      85.2    59.9       0         0        0
00:05:45 00:00:00   58.0    62.0   62.0   53.6   67.9   85.4      85.4    61.7       0         0        0
00:06:00 00:00:00   62.0    60.5   60.5   53.7   67.0   85.5      85.5    59.3       0         0        0
00:06:15 00:00:00   60.5    57.3   57.3   52.5   61.8   82.3      82.3    56.3       0         0        0
00:06:30 00:00:00   57.3    57.9   57.9   52.4   61.8   85.0      85.0    58.2       0         0        0
00:06:45 00:00:00   57.9    58.4   58.4   53.0   61.8   85.1      85.1    54.0       0         0        0
00:07:00 00:00:00   58.4    60.0   60.0   52.5   67.1   85.4      85.4    60.6       0         0        0
00:07:15 00:00:00   60.0    61.7   61.7   53.7   67.8   85.4      85.4    64.6       0         0        0
00:07:30 00:00:00   61.7    58.5   58.6   52.3   65.6   85.2      85.2    54.9       0         0        0
00:07:45 00:00:00   58.5    62.0   62.0   53.6   67.8   85.4      85.4    59.8       0         0        0
00:08:00 00:00:00   62.0    60.6   60.5   53.7   67.0   85.5      85.5    60.4       0         0        0
00:08:15 00:00:00   60.6    57.7   57.7   52.4   61.8   82.2      82.2    54.2       0         0        0
00:08:30 00:00:00   57.7    57.9   57.9   52.4   61.8   85.1      85.1    55.5       0         0        0
00:08:45 00:00:00   57.9    61.9   61.8   53.6   67.9   85.5      85.5    61.2       0         0        0
00:09:00 00:00:00   61.9    60.6   60.6   53.7   67.0   85.5      85.5    57.5       0         0        0
00:09:15 00:00:00   60.5    58.0   58.0   52.4   61.8   85.2      85.2    54.2       0         0        0
00:09:30 00:00:00   58.0    57.8   57.8   52.4   61.8   85.1      85.1    55.1       0         0        0
00:09:45 00:00:00   57.8    58.5   58.5   53.6   61.8   85.4      85.4    59.2       0         0        0
00:10:00 00:00:00   58.5    59.0   59.0   52.4   66.9   85.5      85.5    66.9       0         0        0
00:10:15 00:00:00   59.1    61.7   61.8   53.7   67.8   82.9      82.9    61.2       0         0        0
00:10:30 00:00:00   61.7    59.5   59.5   52.4   65.6   85.6      85.6    52.9       0         0        0
00:10:45 00:00:00   59.5    61.5   61.5   52.6   67.9   85.6      85.6    65.2       0         0        0
00:11:00 00:00:00   61.5    60.9   60.9   53.7   66.9   85.6      85.6    58.2       0         0        0
00:11:15 00:00:00   60.9    58.1   58.1   52.4   61.8   85.1      85.1    58.6       0         0        0
00:11:30 00:00:00   58.1    57.8   57.8   52.4   61.8   85.1      85.1    54.2       0         0        0
00:11:45 00:00:00   57.8    60.8   60.8   52.6   67.1   85.4      85.4    66.8       0         0        0
00:12:00 00:00:00   60.9    61.5   61.5   53.8   67.8   85.5      85.5    58.7       0         0        0
00:12:15 00:00:00   61.4    58.0   58.0   52.4   61.9   85.1      85.1    60.6       0         0        0
00:12:30 00:00:00   58.0    58.1   58.1   52.9   61.8   85.2      85.2    54.0       0         0        0
00:12:45 00:00:00   58.0    57.6   57.6   52.4   61.3   85.2      85.2    60.0       0         0        0
00:13:00 00:00:00   57.6    57.4   57.4   52.4   62.1   84.8      84.8    62.0       0         0        0
00:13:15 00:00:00   57.5    62.5   62.5   53.7   67.8   85.6      85.6    56.7       0         0        0
00:13:30 00:00:00   62.5    59.9   59.9   53.0   65.6   85.5      85.5    54.5       0         0        0
00:13:45 00:00:00   59.9    60.0   60.0   52.4   67.0   85.4      85.4    60.8       0         0        0
00:14:00 00:00:00   60.0    61.8   61.8   53.7   67.9   85.5      85.5    65.3       0         0        0
00:14:15 00:00:00   61.8    58.2   58.2   52.4   65.3   85.1      85.1    55.9       0         0        0
00:14:30 00:00:00   58.2    58.5   58.5   52.9   61.8   85.1      85.1    53.0       0         0        0
00:14:45 00:00:00   58.4    59.8   59.8   52.4   67.1   85.4      85.4    62.1       0         0        0
00:15:00 00:00:00   59.9    61.6   61.6   53.7   67.8   83.3      83.3    62.5       0         0        0
00:15:15 00:00:00   61.6    58.9   59.0   52.4   65.6   85.4      85.4    55.4       0         0        0
00:15:30 00:00:00   58.9    58.5   58.5   53.6   61.8   85.0      85.0    55.1       0         0        0
00:15:45 00:00:00   58.5    56.9   56.9   52.4   61.3   85.1      85.1    58.5       0         0        0
00:16:00 00:00:00   56.9    57.6   57.6   52.4   61.8   82.5      82.5    54.6       0         0        0
