Time     ActTimer PreLEQ LEQ[dB] LEQ_dt MIN_dt MAX_dt LcPeak LcPeak_dt SPL_Act OVER_dt OVER_Hold UNDER_dt
00:00:15 00:00:00   48.3    48.3   48.3   42.6   52.0   64.0      64.0    46.0       0         0        0
00:00:30 00:00:00   54.6    54.6   54.6   43.8   72.5   61.2      61.2    46.3       0         0        0
00:00:45 00:00:00   49.5    49.5   49.5   42.5   57.1   58.4      58.4    52.7       0         0        0
00:01:00 00:00:00   51.7    51.7   51.7   43.9   57.9   60.7      60.7    50.5       0         0        0
00:01:15 00:00:00   49.4    49.4   49.4   42.6   55.6   65.7      65.7    44.3       0         0        0
00:01:30 00:00:00   51.8    51.8   51.8   43.9   58.0   61.9      61.9    52.7       0         0        0
00:01:45 00:00:00   50.8    50.8   50.8   43.8   57.0   60.6      60.6    47.7       0         0        0
00:02:00 00:00:00   48.2    48.2   48.2   42.6   51.9   58.4      58.4    44.9       0         0        0
00:02:15 00:00:00   47.9    47.9   47.9   42.6   51.9   62.4      62.4    43.3       0         0        0
00:02:30 00:00:00   51.5    51.5   51.5   42.8   57.9   61.4      61.4    56.7       0         0        0
00:02:45 00:00:00   51.0    51.0   51.0   43.9   57.0   62.5      62.5    49.0       0         0        0
00:03:00 00:00:00   48.2    48.2   48.2   42.6   52.0   57.1      57.1    49.8       0         0        0
00:03:15 00:00:00   48.0    48.0   48.0   42.7   52.0   55.8      55.8    42.7       0         0        0
00:03:30 00:00:00   48.0    48.0   48.0   42.7   51.4   69.5      69.5    51.0       0         0        0
00:03:45 00:00:00   47.8    47.8   47.8   42.8   53.2   63.4      63.4    53.0       0         0        0
00:04:00 00:00:00   52.5    52.5   52.5   43.9   57.9   51.1      51.1    46.6       0         0        0
00:04:15 00:00:00   49.9    49.9   49.9   43.3   55.6   58.8      58.8    43.7       0         0        0
00:04:30 00:00:00   50.3    50.3   50.3   42.8   57.1   57.9      57.9    52.5       0         0        0
00:04:45 00:00:00   51.9    51.9   51.9   43.9   58.0   65.8      65.8    51.3       0         0        0
00:05:00 00:00:00   48.1    48.1   48.1   42.6   51.9   59.8      59.8    49.4       0         0        0
00:05:15 00:00:00   48.5    48.5   48.5   43.2   51.9   57.0      57.0    44.8       0         0        0
00:05:30 00:00:00   50.1    50.1   50.1   42.7   57.1   60.6      60.6    51.0       0         0        0
00:05:45 00:00:00   51.8    51.8   51.8   43.9   57.9   59.6      59.6    55.3       0         0        0
00:06:00 00:00:00   48.5    48.5   48.5   42.7   55.6   58.7      58.7    45.0       0         0        0
00:06:15 00:00:00   48.6    48.6   48.6   43.5   52.0   59.9      59.9    43.7       0         0        0
00:06:30 00:00:00   47.2    47.2   47.2   42.7   51.5   64.6      64.6    49.5       0         0        0
00:06:45 00:00:00   47.6    47.6   47.6   42.8   52.0   63.8      63.8    44.9       0         0        0
00:07:00 00:00:00   52.7    52.7   52.7   44.0   58.0   61.6      61.6    44.6       0         0        0
00:07:15 00:00:00   50.0    50.0   50.0   44.5   55.6   51.3      51.3    44.9       0         0        0
00:07:30 00:00:00   49.6    49.6   49.6   42.7   57.1   52.8      52.8    51.1       0         0        0
00:07:45 00:00:00   51.7    51.7   51.7   43.9   57.9   56.8      56.8    50.4       0         0        0
00:08:00 00:00:00   49.4    49.4   49.4   42.7   55.6   59.2      59.2    45.4       0         0        0
00:08:15 00:00:00   48.6    48.6   48.6   43.8   52.0   60.2      60.2    49.0       0         0        0
00:08:30 00:00:00   49.3    49.3   49.3   42.7   57.1   67.0      67.0    56.8       0         0        0
00:08:45 00:00:00   51.8    51.8   51.8   44.0   57.9   61.4      61.4    51.3       0         0        0
00:09:00 00:00:00   49.6    49.6   49.6   42.6   55.6   52.1      52.1    43.1       0         0        0
00:09:15 00:00:00   48.4    48.4   48.4   43.2   51.9   63.5      63.5    50.6       0         0        0
00:09:30 00:00:00   46.9    46.9   46.9   42.7   51.1   55.5      55.5    47.0       0         0        0
00:09:45 00:00:00   48.1    48.1   48.1   42.6   52.0   53.6      53.6    44.9       0         0        0
00:10:00 00:00:00   52.7    52.7   52.7   43.9   58.0   60.4      60.4    51.6       0         0        0
00:10:15 00:00:00   49.7    49.7   49.7   43.9   55.6   51.8      51.8    51.7       0         0        0
00:10:30 00:00:00   47.9    47.9   47.9   42.6   53.1   64.2      64.2    53.0       0         0        0
00:10:45 00:00:00   52.4    52.4   52.4   43.9   57.9   61.7      61.7    47.3       0         0        0
00:11:00 00:00:00   49.9    49.9   49.9   43.2   55.6   48.3      48.3    44.3       0         0        0
00:11:15 00:00:00   47.8    47.8   47.8   42.6   51.4   62.7      62.7    49.8       0         0        0
00:11:30 00:00:00   47.6    47.6   47.6   42.7   52.8   62.9      62.9    52.8       0         0        0
00:11:45 00:00:00   52.6    52.6   52.6   44.0   57.9   53.8      53.8    46.2       0         0        0
00:12:00 00:00:00   50.0    50.0   50.0   43.2   55.6   61.4      61.4    44.6       0         0        0
00:12:15 00:00:00   47.5    47.5   47.5   42.7   51.4   63.6      63.6    50.0       0         0        0
00:12:30 00:00:00   47.4    47.4   47.4   42.6   52.0   66.8      66.8    48.1       0         0        0
00:12:45 00:00:00   48.1    48.1   48.1   42.6   51.9   60.0      60.0    50.3       0         0        0
00:13:00 00:00:00   52.0    52.0   52.0   43.9   58.0   57.1      57.1    49.7       0         0        0
00:13:15 00:00:00   50.7    50.7   50.7   44.0   57.0   61.0      61.0    49.4       0         0        0
00:13:30 00:00:00   47.6    47.6   47.6   42.8   51.9   62.9      62.9    44.7       0         0        0
00:13:45 00:00:00   52.7    52.7   52.7   43.9   57.9   64.8      64.8    44.8       0         0        0
00:14:00 00:00:00   50.0    50.0   50.0   44.7   55.6   63.9      63.9    44.7       0         0        0
00:14:15 00:00:00   47.1    47.1   47.1   42.8   51.4   57.2      57.2    48.3       0         0        0
00:14:30 00:00:00   47.7    47.7   47.7   42.7   51.9   55.4      55.4    44.4       0         0        0
00:14:45 00:00:00   52.7    52.7   52.7   44.2   57.9   57.6      57.6    44.4       0         0        0
00:15:00 00:00:00   50.0    50.0   50.0   44.0   55.6   61.5      61.5    47.4       0         0        0
00:15:15 00:00:00   46.8    46.8   46.8   42.6   51.1   68.3      68.3    51.1       0         0        0
00:15:30 00:00:00   47.9    47.9   47.9   42.7   51.9   54.7      54.7    44.2       0         0        0
00:15:45 00:00:00   47.9    47.9   47.9   42.7   51.9   52.3      52.3    46.3       0         0        0
00:16:00 00:00:00   51.9    51.9   51.9   43.9   57.9   58.1      58.1    50.7       0         0        0
