Time     ActTimer PreLEQ LEQ[dB] LEQ_dt MIN_dt MAX_dt LcPeak LcPeak_dt SPL_Act OVER_dt OVER_Hold UNDER_dt
00:00:15 00:00:00   65.9    65.9   65.9   59.9   71.6   83.0      83.0    62.4       0         0        0
00:00:30 00:00:00   69.5    69.5   69.5   60.5   75.2   78.5      78.5    67.8       0         0        0
00:00:45 00:00:00   68.3    68.3   68.3   61.1   74.5   83.8      83.8    68.7       0         0        0
00:01:00 00:00:00   65.4    65.4   65.4   59.9   70.2   80.4      80.4    60.8       0         0        0
00:01:15 00:00:00   70.2    70.2   70.2   60.8   75.2   68.8      68.8    61.5       0         0        0
00:01:30 00:00:00   67.7    67.7   67.7   61.2   73.5   87.5      87.5    66.8       0         0        0
00:01:45 00:00:00   64.0    64.0   64.0   59.8   68.6   61.7      61.7    64.9       0         0        0
00:02:00 00:00:00   65.8    65.8   65.8   59.8   70.7   77.1      77.1    61.5       0         0        0
00:02:15 00:00:00   70.2    70.2   70.2   60.5   75.2   77.0      77.0    62.3       0         0        0
00:02:30 00:00:00   67.6    67.6   67.6   61.2   73.4   79.0      79.0    67.8       0         0        0
00:02:45 00:00:00   64.2    64.2   64.2   59.8   68.6   73.9      73.9    64.6       0         0        0
00:03:00 00:00:00   65.9    65.9   65.9   59.9   70.7   78.9      78.9    61.7       0         0        0
00:03:15 00:00:00   65.6    65.6   65.6   59.9   70.7   71.2      71.2    60.3       0         0        0
00:03:30 00:00:00   69.1    69.1   69.1   60.0   75.2   85.5      85.5    72.4       0         0        0
00:03:45 00:00:00   68.6    68.6   68.6   61.2   74.5   78.5      78.5    66.1       0         0        0
00:04:00 00:00:00   65.9    65.9   65.9   59.9   70.7   66.5      66.5    65.8       0         0        0
00:04:15 00:00:00   69.9    69.9   69.9   60.5   75.3   75.8      75.8    74.0       0         0        0
00:04:30 00:00:00   67.8    67.8   67.8   61.2   74.6   80.9      80.9    67.6       0         0        0
00:04:45 00:00:00   64.8    64.8   64.8   59.8   70.2   84.5      84.5    65.6       0         0        0
00:05:00 00:00:00   65.9    65.9   65.9   59.9   70.7   80.4      80.4    68.1       0         0        0
00:05:15 00:00:00   69.6    69.6   69.6   60.5   75.2   75.4      75.4    70.0       0         0        0
00:05:30 00:00:00   68.2    68.2   68.2   61.2   74.5   83.1      83.1    67.9       0         0        0
00:05:45 00:00:00   64.9    64.9   64.9   59.9   70.2   76.6      76.6    65.0       0         0        0
00:06:00 00:00:00   65.8    65.8   65.8   59.9   70.7   77.9      77.9    67.0       0         0        0
00:06:15 00:00:00   66.0    66.0   66.0   60.3   70.7   66.8      66.8    62.5       0         0        0
00:06:30 00:00:00   67.6    67.6   67.6   59.9   74.5   79.6      79.6    68.3       0         0        0
00:06:45 00:00:00   69.5    69.5   69.5   61.2   75.2   75.4      75.4    72.9       0         0        0
00:07:00 00:00:00   66.0    66.0   66.0   59.8   73.0   77.3      77.3    63.5       0         0        0
00:07:15 00:00:00   69.5    69.5   69.5   60.5   75.2   72.4      72.4    66.2       0         0        0
00:07:30 00:00:00   68.3    68.3   68.3   61.2   74.5   85.7      85.7    66.5       0         0        0
00:07:45 00:00:00   65.3    65.3   65.3   59.9   70.2   70.7      70.7    61.6       0         0        0
00:08:00 00:00:00   65.7    65.7   65.7   59.8   70.7   76.2      76.2    62.8       0         0        0
00:08:15 00:00:00   69.5    69.5   69.5   60.5   75.2   78.0      78.0    69.1       0         0        0
00:08:30 00:00:00   68.2    68.2   68.2   61.2   74.5   80.4      80.4    69.2       0         0        0
00:08:45 00:00:00   65.7    65.7   65.7   59.9   70.7   68.0      68.0    61.5       0         0        0
00:09:00 00:00:00   65.6    65.6   65.6   59.9   70.7   83.3      83.3    65.3       0         0        0
00:09:15 00:00:00   66.2    66.2   66.2   60.5   70.7   84.2      84.2    65.6       0         0        0
00:09:30 00:00:00   66.9    66.9   66.9   59.9   74.5   77.8      77.8    72.1       0         0        0
00:09:45 00:00:00   69.2    69.2   69.2   61.2   75.2   84.8      84.8    68.5       0         0        0
00:10:00 00:00:00   67.3    67.3   67.3   59.8   73.4   67.1      67.1    62.8       0         0        0
00:10:15 00:00:00   69.2    69.2   69.2   60.5   75.2   80.5      80.5    71.6       0         0        0
00:10:30 00:00:00   68.5    68.5   68.5   61.1   74.5   80.3      80.3    65.8       0         0        0
00:10:45 00:00:00   65.9    65.9   65.9   59.8   70.7   80.6      80.6    63.5       0         0        0
00:11:00 00:00:00   65.6    65.6   65.6   59.8   70.7   78.8      78.8    62.1       0         0        0
00:11:15 00:00:00   68.7    68.7   68.7   60.1   74.8   73.9      73.9    74.6       0         0        0
00:11:30 00:00:00   68.9    68.9   68.9   61.2   75.2   79.9      79.9    66.0       0         0        0
00:11:45 00:00:00   65.9    65.9   65.9   59.9   70.7   82.6      82.6    68.4       0         0        0
00:12:00 00:00:00   65.7    65.7   65.7   60.3   70.7   75.8      75.8    61.0       0         0        0
00:12:15 00:00:00   65.4    65.4   65.4   59.9   70.7   83.4      83.4    67.6       0         0        0
00:12:30 00:00:00   65.2    65.2   65.2   59.9   71.1   79.1      79.1    70.7       0         0        0
00:12:45 00:00:00   70.1    70.1   70.1   61.2   75.2   76.3      76.3    63.7       0         0        0
00:13:00 00:00:00   67.7    67.7   67.7   60.3   73.4   86.8      86.8    62.9       0         0        0
00:13:15 00:00:00   67.7    67.7   67.7   59.9   74.5   79.5      79.5    68.2       0         0        0
00:13:30 00:00:00   69.5    69.5   69.5   61.2   75.2   81.5      81.5    71.0       0         0        0
00:13:45 00:00:00   65.8    65.8   65.8   59.8   70.8   74.9      74.9    64.2       0         0        0
00:14:00 00:00:00   66.1    66.1   66.1   60.2   70.7   78.6      78.6    62.2       0         0        0
00:14:15 00:00:00   67.5    67.5   67.5   59.8   74.5   68.2      68.2    68.6       0         0        0
00:14:30 00:00:00   69.3    69.3   69.3   61.2   75.2   88.7      88.7    72.0       0         0        0
00:14:45 00:00:00   66.5    66.5   66.5   59.8   73.4   76.8      76.8    61.7       0         0        0
00:15:00 00:00:00   66.2    66.2   66.2   60.5   70.7   69.8      69.8    60.8       0         0        0
00:15:15 00:00:00   64.6    64.6   64.6   59.9   70.7   83.9      83.9    66.4       0         0        0
00:15:30 00:00:00   65.2    65.2   65.2   59.8   70.2   78.3      78.3    61.3       0         0        0
00:15:45 00:00:00   70.2    70.2   70.2   61.2   75.2   71.4      71.4    61.8       0         0        0
00:16:00 00:00:00   67.8    67.8   67.8   61.5   73.4   71.8      71.8    63.8       0         0        0
