Time     ActTimer PreLEQ LEQ[dB] LEQ_dt MIN_dt MAX_dt LcPeak LcPeak_dt SPL_Act OVER_dt OVER_Hold UNDER_dt
00:00:15 00:00:00    0.0    64.8   64.8   59.4   73.3   91.4      91.4    64.0       0         0        0
00:00:30 00:00:00   64.8    64.9   64.9   59.4   68.8   92.0      92.0    66.5       0         0        0
00:00:45 00:00:00   64.9    65.3   65.3   60.0   68.8   92.0      92.0    61.8       0         0        0
00:01:00 00:00:00   65.3    67.0   67.0   59.3   74.0   92.5      92.5    67.7       0         0        0
00:01:15 00:00:00   67.0    68.8   68.8   60.7   74.9   92.6      92.6    72.5       0         0        0
00:01:30 00:00:00   68.8    65.3   65.3   59.4   72.5   92.0      92.0    62.7       0         0        0
00:01:45 00:00:00   65.2    68.9   68.9   60.6   74.8   92.6      92.6    65.9       0         0        0
00:02:00 00:00:00   68.9    67.5   67.5   60.7   74.0   92.5      92.5    66.0       0         0        0
00:02:15 00:00:00   67.5    64.6   64.6   59.4   68.8   89.3      89.3    61.1       0         0        0
00:02:30 00:00:00   64.6    64.8   64.8   59.4   68.8   92.0      92.0    62.6       0         0        0
00:02:45 00:00:00   64.8    68.9   68.9   60.6   74.8   92.6      92.6    68.1       0         0        0
00:03:00 00:00:00   68.9    67.5   67.5   60.7   74.0   92.6      92.6    65.6       0         0        0
00:03:15 00:00:00   67.5    64.9   64.9   59.4   68.8   91.0      91.0    61.2       0         0        0
00:03:30 00:00:00   64.9    64.8   64.8   59.4   68.8   91.9      91.9    62.6       0         0        0
00:03:45 00:00:00   64.8    65.5   65.4   60.6   68.8   91.8      91.8    65.5       0         0        0
00:04:00 00:00:00   65.4    66.2   66.2   59.3   74.0   92.5      92.5    73.1       0         0        0
00:04:15 00:00:00   66.2    68.6   68.6   60.7   74.9   89.5      89.5    68.1       0         0        0
00:04:30 00:00:00   68.6    66.4   66.4   59.4   72.6   92.6      92.6    60.9       0         0        0
00:04:45 00:00:00   66.4    68.6   68.6   60.6   74.8   92.5      92.5    71.2       0         0        0
00:05:00 00:00:00   68.6    67.8   67.8   60.7   74.0   92.6      92.6    65.4       0         0        0
00:05:15 00:00:00   67.8    65.1   65.1   59.4   68.8   92.1      92.1    64.3       0         0        0
00:05:30 00:00:00   65.1    64.8   64.8   59.4   68.8   92.1      92.1    61.0       0         0        0
00:05:45 00:00:00   64.8    68.0   68.0   59.6   74.4   92.5      92.5    74.4       0         0        0
00:06:00 00:00:00   68.1    68.2   68.3   60.7   74.8   92.6      92.6    66.2       0         0        0
00:06:15 00:00:00   68.2    65.0   65.0   59.4   68.8   92.0      92.0    67.5       0         0        0
00:06:30 00:00:00   65.0    65.0   65.0   59.9   68.8   92.0      92.0    60.8       0         0        0
00:06:45 00:00:00   65.0    64.7   64.6   59.4   68.2   92.0      92.0    66.4       0         0        0
00:07:00 00:00:00   64.7    64.5   64.5   59.4   69.9   91.5      91.5    69.9       0         0        0
00:07:15 00:00:00   64.5    69.5   69.5   60.7   74.9   92.5      92.5    62.7       0         0        0
00:07:30 00:00:00   69.5    66.9   66.9   59.9   72.6   92.6      92.6    62.0       0         0        0
00:07:45 00:00:00   66.9    67.1   67.0   59.4   74.1   92.5      92.5    67.7       0         0        0
00:08:00 00:00:00   67.1    68.9   68.9   60.7   74.8   92.6      92.6    71.3       0         0        0
00:08:15 00:00:00   68.9    65.0   65.0   59.4   71.2   92.0      92.0    63.2       0         0        0
00:08:30 00:00:00   65.0    65.4   65.4   59.9   68.8   92.0      92.0    61.7       0         0        0
00:08:45 00:00:00   65.4    66.9   66.9   59.4   74.0   92.6      92.6    68.3       0         0        0
00:09:00 00:00:00   66.9    68.6   68.6   60.7   74.8   91.5      91.5    70.6       0         0        0
00:09:15 00:00:00   68.6    65.8   65.8   59.4   72.6   92.6      92.6    61.8       0         0        0
00:09:30 00:00:00   65.8    65.5   65.4   60.6   68.8   92.0      92.0    61.3       0         0        0
00:09:45 00:00:00   65.4    63.9   63.9   59.4   68.2   92.0      92.0    65.5       0         0        0
00:10:00 00:00:00   63.9    64.5   64.6   59.4   68.8   89.4      89.4    61.3       0         0        0
00:10:15 00:00:00   64.5    69.6   69.6   60.8   74.8   92.5      92.5    61.0       0         0        0
00:10:30 00:00:00   69.6    66.9   66.9   60.7   72.6   92.6      92.6    63.9       0         0        0
00:10:45 00:00:00   66.9    66.4   66.4   59.4   74.0   92.5      92.5    70.7       0         0        0
00:11:00 00:00:00   66.4    68.6   68.6   60.7   74.8   89.6      89.6    67.5       0         0        0
00:11:15 00:00:00   68.6    66.3   66.3   59.4   72.6   92.6      92.6    61.3       0         0        0
00:11:30 00:00:00   66.3    65.4   65.4   60.6   68.8   92.0      92.0    67.2       0         0        0
00:11:45 00:00:00   65.4    65.6   65.6   59.4   73.5   91.9      91.9    73.5       0         0        0
00:12:00 00:00:00   65.7    68.9   68.9   60.7   74.8   92.4      92.4    67.5       0         0        0
00:12:15 00:00:00   68.9    66.6   66.6   59.4   72.6   92.6      92.6    60.2       0         0        0
00:12:30 00:00:00   66.5    65.1   65.1   59.6   68.8   92.1      92.1    68.3       0         0        0
00:12:45 00:00:00   65.1    63.8   63.9   59.4   68.5   89.4      89.4    64.6       0         0        0
00:13:00 00:00:00   63.8    65.0   65.0   59.4   68.7   91.9      91.9    62.3       0         0        0
00:13:15 00:00:00   65.0    69.5   69.5   60.6   74.8   92.5      92.5    72.4       0         0        0
00:13:30 00:00:00   69.5    66.6   66.6   60.7   72.5   92.6      92.6    67.6       0         0        0
00:13:45 00:00:00   66.6    64.6   64.6   59.4   70.0   91.7      91.7    69.7       0         0        0
00:14:00 00:00:00   64.6    69.4   69.4   60.7   74.8   92.5      92.5    63.2       0         0        0
00:14:15 00:00:00   69.4    66.8   66.8   60.0   72.6   92.7      92.7    60.6       0         0        0
00:14:30 00:00:00   66.8    64.5   64.5   59.4   68.2   92.1      92.1    67.1       0         0        0
00:14:45 00:00:00   64.5    64.3   64.3   59.4   68.8   91.5      91.5    68.5       0         0        0
00:15:00 00:00:00   64.3    69.5   69.5   60.7   74.8   92.5      92.5    63.2       0         0        0
00:15:15 00:00:00   69.5    66.9   66.9   59.9   72.6   92.7      92.7    61.1       0         0        0
00:15:30 00:00:00   66.9    64.2   64.2   59.4   68.2   92.0      92.0    66.2       0         0        0
00:15:45 00:00:00   64.2    64.3   64.3   59.3   68.7   89.3      89.3    62.9       0         0        0
00:16:00 00:00:00   64.3    64.9   64.9   59.4   68.7   92.0      92.0    65.1       0         0        0
