Time     ActTimer PreLEQ LEQ[dB] LEQ_dt MIN_dt MAX_dt LcPeak LcPeak_dt SPL_Act OVER_dt OVER_Hold UNDER_dt
00:00:15 00:00:00   58.8    58.8   58.8   52.9   64.2   77.8      77.8    54.8       0         0        0
00:00:30 00:00:00   58.5    58.5   58.5   52.8   63.8   75.2      75.2    53.3       0         0        0
00:00:45 00:00:00   61.8    61.8   61.8   53.4   68.6   74.7      74.7    65.0       0         0        0
00:01:00 00:00:00   61.2    61.2   61.2   53.7   67.8   70.9      70.9    58.5       0         0        0
00:01:15 00:00:00   58.8    58.8   58.8   52.9   63.8   70.7      70.7    57.8       0         0        0
00:01:30 00:00:00   62.7    62.7   62.7   53.4   68.6   75.5      75.5    67.6       0         0        0
00:01:45 00:00:00   60.3    60.3   60.3   53.7   67.8   74.8      74.8    60.2       0         0        0
00:02:00 00:00:00   57.7    57.7   57.7   52.8   63.1   76.1      76.1    58.8       0         0        0
00:02:15 00:00:00   58.8    58.8   58.8   52.8   63.8   72.4      72.4    61.0       0         0        0
00:02:30 00:00:00   62.2    62.2   62.2   53.4   68.6   74.4      74.4    62.3       0         0        0
00:02:45 00:00:00   60.9    60.9   60.9   53.7   67.8   72.1      72.1    60.7       0         0        0
00:03:00 00:00:00   57.8    57.8   57.8   52.9   63.1   82.2      82.2    57.9       0         0        0
00:03:15 00:00:00   58.6    58.6   58.6   52.9   63.8   73.7      73.7    60.7       0         0        0
00:03:30 00:00:00   58.9    58.9   58.9   53.2   63.8   65.9      65.9    55.4       0         0        0
00:03:45 00:00:00   60.3    60.3   60.3   52.9   67.7   65.8      65.8    60.7       0         0        0
00:04:00 00:00:00   62.2    62.2   62.2   53.7   68.6   81.4      81.4    65.2       0         0        0
00:04:15 00:00:00   58.8    58.8   58.8   52.8   65.2   75.4      75.4    55.7       0         0        0
00:04:30 00:00:00   62.3    62.3   62.3   53.4   68.6   70.9      70.9    58.2       0         0        0
00:04:45 00:00:00   60.9    60.9   60.9   53.8   67.8   68.2      68.2    58.8       0         0        0
00:05:00 00:00:00   58.2    58.2   58.2   52.8   63.2   72.1      72.1    54.1       0         0        0
00:05:15 00:00:00   58.5    58.5   58.5   52.8   63.8   72.3      72.3    55.8       0         0        0
00:05:30 00:00:00   62.2    62.2   62.2   53.4   68.6   69.7      69.7    61.7       0         0        0
00:05:45 00:00:00   60.9    60.9   60.9   53.7   67.8   79.7      79.7    63.1       0         0        0
00:06:00 00:00:00   58.5    58.5   58.5   52.9   63.8   61.8      61.8    53.9       0         0        0
00:06:15 00:00:00   58.5    58.5   58.5   52.9   63.8   69.2      69.2    57.2       0         0        0
00:06:30 00:00:00   59.1    59.1   59.1   53.4   63.8   63.4      63.4    57.3       0         0        0
00:06:45 00:00:00   59.6    59.6   59.6   52.9   67.6   69.2      69.2    63.7       0         0        0
00:07:00 00:00:00   61.9    61.9   61.9   53.7   68.6   76.3      76.3    61.2       0         0        0
00:07:15 00:00:00   60.0    60.0   60.0   52.8   66.2   75.3      75.3    55.1       0         0        0
00:07:30 00:00:00   61.9    61.9   61.9   53.4   68.6   67.7      67.7    63.9       0         0        0
00:07:45 00:00:00   61.0    61.0   61.0   53.8   67.8   70.4      70.4    57.5       0         0        0
00:08:00 00:00:00   58.8    58.8   58.8   52.8   63.8   71.1      71.1    55.4       0         0        0
00:08:15 00:00:00   58.5    58.5   58.5   52.8   63.8   70.9      70.9    54.3       0         0        0
00:08:30 00:00:00   61.5    61.5   61.5   52.9   68.6   77.3      77.3    67.8       0         0        0
00:08:45 00:00:00   61.4    61.4   61.4   53.7   68.2   74.2      74.2    58.4       0         0        0
00:09:00 00:00:00   58.8    58.8   58.8   52.9   63.8   72.3      72.3    60.7       0         0        0
00:09:15 00:00:00   58.5    58.5   58.5   53.2   63.8   70.8      70.8    53.6       0         0        0
00:09:30 00:00:00   58.3    58.3   58.3   52.9   63.8   78.6      78.6    60.9       0         0        0
00:09:45 00:00:00   58.1    58.1   58.1   52.9   63.9   68.4      68.4    63.1       0         0        0
00:10:00 00:00:00   62.7    62.7   62.7   53.7   68.6   70.5      70.5    56.2       0         0        0
00:10:15 00:00:00   60.5    60.5   60.5   53.1   66.2   68.1      68.1    54.8       0         0        0
00:10:30 00:00:00   60.4    60.4   60.4   52.9   67.7   70.0      70.0    61.5       0         0        0
00:10:45 00:00:00   62.2    62.2   62.2   53.8   68.6   70.1      70.1    62.4       0         0        0
00:11:00 00:00:00   58.7    58.7   58.7   52.9   63.8   68.0      68.0    57.5       0         0        0
00:11:15 00:00:00   59.0    59.0   59.0   53.1   63.8   71.9      71.9    55.0       0         0        0
00:11:30 00:00:00   60.2    60.2   60.2   52.8   67.7   62.7      62.7    61.0       0         0        0
00:11:45 00:00:00   62.0    62.0   62.0   53.7   68.6   82.2      82.2    65.0       0         0        0
00:12:00 00:00:00   59.3    59.3   59.3   52.9   66.2   71.4      71.4    54.8       0         0        0
00:12:15 00:00:00   59.1    59.1   59.1   53.4   63.8   62.6      62.6    53.7       0         0        0
00:12:30 00:00:00   57.5    57.5   57.5   52.9   63.8   80.6      80.6    59.1       0         0        0
00:12:45 00:00:00   58.1    58.1   58.1   52.9   63.2   65.9      65.9    55.2       0         0        0
00:13:00 00:00:00   62.9    62.9   62.9   53.7   68.6   66.4      66.4    54.0       0         0        0
00:13:15 00:00:00   60.5    60.5   60.5   53.9   66.2   66.2      66.2    56.0       0         0        0
00:13:30 00:00:00   59.7    59.7   59.7   52.8   67.7   69.8      69.8    61.8       0         0        0
00:13:45 00:00:00   61.9    61.9   61.9   53.7   68.6   69.0      69.0    60.3       0         0        0
00:14:00 00:00:00   60.0    60.0   60.0   52.8   66.2   69.6      69.6    56.1       0         0        0
00:14:15 00:00:00   59.0    59.0   59.0   53.4   63.8   75.4      75.4    59.5       0         0        0
00:14:30 00:00:00   59.3    59.3   59.3   52.8   67.7   77.4      77.4    67.4       0         0        0
00:14:45 00:00:00   62.1    62.1   62.1   53.7   68.5   63.5      63.5    61.8       0         0        0
00:15:00 00:00:00   60.1    60.1   60.1   52.8   66.2   73.0      73.0    53.4       0         0        0
00:15:15 00:00:00   58.9    58.9   58.9   52.9   63.8   74.1      74.1    62.5       0         0        0
00:15:30 00:00:00   57.1    57.1   57.1   52.9   62.6   75.8      75.8    57.8       0         0        0
00:15:45 00:00:00   58.8    58.8   58.8   52.8   63.8   65.6      65.6    54.4       0         0        0
00:16:00 00:00:00   62.9    62.9   62.9   53.4   68.6   68.1      68.1    62.9       0         0        0
