Time     ActTimer PreLEQ LEQ[dB] LEQ_dt MIN_dt MAX_dt LcPeak LcPeak_dt SPL_Act OVER_dt OVER_Hold UNDER_dt
00:00:15 00:00:00   49.7    49.7   49.7   43.5   58.6   68.9      68.9    57.5       0         0        0
00:00:30 00:00:00   52.2    52.2   52.2   44.1   58.6   62.9      62.9    51.6       0         0        0
00:00:45 00:00:00   50.2    50.2   50.2   43.0   56.3   59.1      59.1    43.8       0         0        0
00:01:00 00:00:00   51.7    51.7   51.7   43.0   58.6   58.4      58.4    57.9       0         0        0
00:01:15 00:00:00   51.4    51.4   51.4   44.1   57.8   62.0      62.0    48.3       0         0        0
00:01:30 00:00:00   48.7    48.7   48.7   42.8   53.6   67.0      67.0    49.8       0         0        0
00:01:45 00:00:00   48.4    48.4   48.4   43.2   53.6   59.1      59.1    43.2       0         0        0
00:02:00 00:00:00   50.9    50.9   50.9   42.9   57.8   70.8      70.8    55.2       0         0        0
00:02:15 00:00:00   52.1    52.1   52.1   44.1   58.5   67.7      67.7    50.2       0         0        0
00:02:30 00:00:00   48.5    48.5   48.5   43.0   53.6   64.3      64.3    50.8       0         0        0
00:02:45 00:00:00   48.6    48.6   48.6   43.4   53.6   47.6      47.6    44.0       0         0        0
00:03:00 00:00:00   48.0    48.0   48.0   43.0   53.5   61.8      61.8    50.7       0         0        0
00:03:15 00:00:00   47.7    47.7   47.7   43.0   52.7   49.3      49.3    51.8       0         0        0
00:03:30 00:00:00   52.9    52.9   52.9   44.1   58.6   62.6      62.6    46.1       0         0        0
00:03:45 00:00:00   50.4    50.4   50.4   43.4   56.3   64.7      64.7    44.9       0         0        0
00:04:00 00:00:00   50.3    50.3   50.3   42.9   57.9   63.5      63.5    50.8       0         0        0
00:04:15 00:00:00   52.1    52.1   52.1   44.1   58.6   72.2      72.2    55.9       0         0        0
00:04:30 00:00:00   49.1    49.1   49.1   42.9   56.3   61.8      61.8    45.1       0         0        0
00:04:45 00:00:00   48.9    48.9   48.9   43.3   53.6   59.9      59.9    43.8       0         0        0
00:05:00 00:00:00   50.1    50.1   50.1   43.0   57.8   54.0      54.0    52.5       0         0        0
00:05:15 00:00:00   51.9    51.9   51.9   44.1   58.5   70.9      70.9    52.2       0         0        0
00:05:30 00:00:00   49.7    49.7   49.7   43.0   56.3   66.3      66.3    46.1       0         0        0
00:05:45 00:00:00   48.9    48.9   48.9   43.8   53.5   59.8      59.8    45.3       0         0        0
00:06:00 00:00:00   47.3    47.3   47.3   43.0   53.5   57.1      57.1    51.6       0         0        0
00:06:15 00:00:00   48.1    48.1   48.1   43.1   52.8   58.4      58.4    44.1       0         0        0
00:06:30 00:00:00   53.0    53.0   53.0   44.0   58.5   53.2      53.2    44.4       0         0        0
00:06:45 00:00:00   50.4    50.4   50.4   44.1   56.3   63.7      63.7    49.0       0         0        0
00:07:00 00:00:00   49.5    49.5   49.5   43.0   57.8   67.1      67.1    56.9       0         0        0
00:07:15 00:00:00   52.1    52.1   52.1   44.1   58.6   65.4      65.4    51.6       0         0        0
00:07:30 00:00:00   50.1    50.1   50.1   42.9   56.3   65.2      65.2    43.3       0         0        0
00:07:45 00:00:00   48.8    48.8   48.8   43.1   53.6   60.5      60.5    51.6       0         0        0
00:08:00 00:00:00   48.3    48.3   48.3   43.0   54.9   66.7      66.7    54.9       0         0        0
00:08:15 00:00:00   52.5    52.5   52.5   44.1   58.5   62.3      62.3    50.8       0         0        0
00:08:30 00:00:00   50.3    50.3   50.3   43.0   56.3   64.1      64.1    45.2       0         0        0
00:08:45 00:00:00   48.4    48.4   48.4   43.0   53.5   67.2      67.2    51.4       0         0        0
00:09:00 00:00:00   47.4    47.4   47.4   43.0   52.8   63.6      63.6    48.2       0         0        0
00:09:15 00:00:00   48.7    48.7   48.7   43.0   53.5   52.1      52.1    48.0       0         0        0
00:09:30 00:00:00   52.7    52.7   52.7   43.7   58.6   64.1      64.1    57.1       0         0        0
00:09:45 00:00:00   50.5    50.5   50.5   44.1   57.5   50.8      50.8    50.2       0         0        0
00:10:00 00:00:00   47.8    47.8   47.8   42.9   52.7   63.8      63.8    52.4       0         0        0
00:10:15 00:00:00   52.9    52.9   52.9   44.1   58.6   60.6      60.6    47.0       0         0        0
00:10:30 00:00:00   50.4    50.4   50.4   43.4   56.3   58.1      58.1    45.6       0         0        0
00:10:45 00:00:00   47.8    47.8   47.8   43.0   53.5   62.9      62.9    50.2       0         0        0
00:11:00 00:00:00   47.7    47.7   47.7   42.9   52.8   69.9      69.9    47.5       0         0        0
00:11:15 00:00:00   53.0    53.0   53.0   44.1   58.5   55.7      55.7    46.3       0         0        0
00:11:30 00:00:00   50.5    50.5   50.5   43.4   56.3   52.1      52.1    43.5       0         0        0
00:11:45 00:00:00   47.6    47.6   47.6   43.0   53.5   67.7      67.7    50.0       0         0        0
00:12:00 00:00:00   47.9    47.9   47.9   43.1   52.8   62.1      62.1    44.6       0         0        0
00:12:15 00:00:00   48.4    48.4   48.4   43.0   53.5   59.9      59.9    46.1       0         0        0
00:12:30 00:00:00   52.3    52.3   52.3   43.7   58.6   52.5      52.5    49.0       0         0        0
00:12:45 00:00:00   51.0    51.0   51.0   44.1   57.5   54.2      54.2    49.0       0         0        0
00:13:00 00:00:00   48.1    48.1   48.1   43.0   52.8   63.9      63.9    44.5       0         0        0
00:13:15 00:00:00   53.0    53.0   53.0   44.2   58.6   56.4      56.4    44.3       0         0        0
00:13:30 00:00:00   50.5    50.5   50.5   44.0   56.3   60.2      60.2    47.7       0         0        0
00:13:45 00:00:00   47.0    47.0   47.0   43.0   52.0   64.3      64.3    52.0       0         0        0
00:14:00 00:00:00   48.4    48.4   48.4   43.0   53.6   51.1      51.1    44.2       0         0        0
00:14:15 00:00:00   53.0    53.0   53.0   43.7   58.5   53.8      53.8    44.2       0         0        0
00:14:30 00:00:00   50.4    50.4   50.4   44.1   56.3   63.1      63.1    50.7       0         0        0
00:14:45 00:00:00   46.9    46.9   46.9   43.0   51.6   58.1      58.1    47.4       0         0        0
00:15:00 00:00:00   48.5    48.5   48.5   43.0   53.5   62.1      62.1    44.5       0         0        0
00:15:15 00:00:00   48.3    48.3   48.3   42.9   53.5   66.0      66.0    45.8       0         0        0
00:15:30 00:00:00   52.0    52.0   52.0   43.7   58.6   60.6      60.6    54.2       0         0        0
00:15:45 00:00:00   51.1    51.1   51.1   44.0   57.5   54.3      54.3    47.9       0         0        0
00:16:00 00:00:00   48.6    48.6   48.6   43.0   53.6   55.5      55.5    46.0       0         0        0
