Time     ActTimer PreLEQ LEQ[dB] LEQ_dt MIN_dt MAX_dt LcPeak LcPeak_dt SPL_Act OVER_dt OVER_Hold UNDER_dt
00:00:15 00:00:00    0.0    66.4   66.4   62.6   69.0   88.0      88.0    66.3       0         0        0
00:00:30 00:00:00   66.4    66.9   66.9   63.1   69.5   90.5      90.5    68.8       0         0        0
00:00:45 00:00:00   66.9    69.3   69.3   68.1   70.9   91.8      91.8    69.9       0         0        0
00:01:00 00:00:00   69.3    69.8   69.8   67.7   71.8   91.4      91.4    68.4       0         0        0
00:01:15 00:00:00   69.8    66.5   66.5   63.3   69.3   88.3      88.3    68.0       0         0        0
00:01:30 00:00:00   66.5    69.5   69.5   65.5   71.8   91.3      91.3    70.0       0         0        0
00:01:45 00:00:00   69.5    69.3   69.3   68.2   70.5   91.8      91.8    69.6       0         0        0
00:02:00 00:00:00   69.3    67.4   67.5   63.3   70.8   91.0      91.0    66.0       0         0        0
00:02:15 00:00:00   67.4    68.2   68.1   64.4   70.4   91.6      91.6    69.0       0         0        0
00:02:30 00:00:00   68.2    69.7   69.7   68.1   71.8   91.8      91.8    71.2       0         0        0
00:02:45 00:00:00   69.7    69.5   69.5   68.2   71.7   91.5      91.5    69.0       0         0        0
00:03:00 00:00:00   69.5    68.3   68.3   63.6   70.9   91.8      91.8    65.9       0         0        0
00:03:15 00:00:00   68.3    66.8   66.8   63.3   69.4   88.0      88.0    66.5       0         0        0
00:03:30 00:00:00   66.8    66.7   66.7   63.2   69.3   88.4      88.4    65.5       0         0        0
00:03:45 00:00:00   66.7    69.0   69.0   65.6   70.5   91.8      91.8    68.8       0         0        0
00:04:00 00:00:00   69.0    70.0   70.0   68.1   71.8   91.3      91.3    69.4       0         0        0
00:04:15 00:00:00   70.0    67.1   67.1   63.3   69.9   89.0      89.0    66.8       0         0        0
00:04:30 00:00:00   67.0    69.0   68.9   65.3   71.8   91.3      91.3    70.2       0         0        0
00:04:45 00:00:00   69.0    69.4   69.4   68.2   71.0   91.7      91.7    70.1       0         0        0
00:05:00 00:00:00   69.4    68.0   68.0   63.6   70.8   91.1      91.1    68.6       0         0        0
00:05:15 00:00:00   68.0    67.6   67.5   63.3   70.4   91.3      91.3    69.8       0         0        0
00:05:30 00:00:00   67.6    69.5   69.5   68.1   71.8   91.8      91.8    68.9       0         0        0
00:05:45 00:00:00   69.5    69.7   69.7   68.2   71.7   91.3      91.3    69.8       0         0        0
00:06:00 00:00:00   69.7    68.8   68.8   63.6   70.9   91.8      91.8    66.6       0         0        0
00:06:15 00:00:00   68.8    66.8   66.8   63.3   69.4   88.3      88.3    67.2       0         0        0
00:06:30 00:00:00   66.8    66.5   66.5   63.3   69.3   88.3      88.3    67.2       0         0        0
00:06:45 00:00:00   66.5    68.6   68.6   65.3   70.4   91.8      91.8    69.7       0         0        0
00:07:00 00:00:00   68.6    69.9   69.9   68.1   71.8   91.3      91.3    70.6       0         0        0
00:07:15 00:00:00   69.9    67.7   67.7   63.5   70.5   88.9      88.9    64.4       0         0        0
00:07:30 00:00:00   67.7    68.4   68.4   63.3   71.8   91.3      91.3    70.7       0         0        0
00:07:45 00:00:00   68.4    69.5   69.5   68.1   71.7   91.6      91.6    68.4       0         0        0
00:08:00 00:00:00   69.5    68.5   68.5   63.6   70.8   91.7      91.7    66.6       0         0        0
00:08:15 00:00:00   68.5    67.0   67.0   63.2   69.4   90.5      90.5    68.7       0         0        0
00:08:30 00:00:00   67.0    69.4   69.4   68.2   70.8   91.8      91.8    70.5       0         0        0
00:08:45 00:00:00   69.4    69.8   69.8   68.1   71.8   91.3      91.3    68.8       0         0        0
00:09:00 00:00:00   69.8    69.3   69.3   67.7   70.9   91.8      91.8    67.7       0         0        0
00:09:15 00:00:00   69.3    66.5   66.5   63.2   69.3   88.6      88.6    68.0       0         0        0
00:09:30 00:00:00   66.5    66.6   66.6   63.3   69.4   88.4      88.4    66.1       0         0        0
00:09:45 00:00:00   66.6    68.2   68.2   65.3   70.4   91.6      91.6    69.0       0         0        0
00:10:00 00:00:00   68.2    69.7   69.7   68.2   71.8   91.8      91.8    71.2       0         0        0
00:10:15 00:00:00   69.8    68.4   68.5   63.5   71.7   88.9      88.9    65.9       0         0        0
00:10:30 00:00:00   68.4    67.6   67.6   63.3   71.8   91.3      91.3    70.0       0         0        0
00:10:45 00:00:00   67.6    69.7   69.7   68.1   71.7   90.9      90.9    69.5       0         0        0
00:11:00 00:00:00   69.7    69.0   69.0   63.6   70.8   91.8      91.8    64.9       0         0        0
00:11:15 00:00:00   69.0    66.7   66.7   63.2   69.3   88.5      88.5    68.0       0         0        0
00:11:30 00:00:00   66.7    69.0   69.0   65.5   70.5   91.8      91.8    69.0       0         0        0
00:11:45 00:00:00   69.0    69.9   69.9   68.1   71.8   91.3      91.3    69.0       0         0        0
00:12:00 00:00:00   69.9    69.2   69.2   68.2   70.5   91.8      91.8    69.0       0         0        0
00:12:15 00:00:00   69.2    67.1   67.1   63.2   70.8   91.1      91.1    67.1       0         0        0
00:12:30 00:00:00   67.1    66.8   66.8   63.6   69.4   88.4      88.4    67.0       0         0        0
00:12:45 00:00:00   66.8    67.6   67.6   63.3   70.4   91.3      91.3    70.2       0         0        0
00:13:00 00:00:00   67.6    69.5   69.5   68.2   71.8   91.9      91.9    69.5       0         0        0
00:13:15 00:00:00   69.5    69.2   69.1   63.5   71.7   88.9      88.9    65.0       0         0        0
00:13:30 00:00:00   69.1    66.8   66.8   63.3   69.4   88.2      88.2    66.9       0         0        0
00:13:45 00:00:00   66.8    69.8   69.8   66.2   71.8   91.3      91.3    68.6       0         0        0
00:14:00 00:00:00   69.8    69.3   69.3   68.2   70.5   91.8      91.8    69.0       0         0        0
00:14:15 00:00:00   69.3    66.8   66.8   63.2   70.8   91.1      91.1    65.9       0         0        0
00:14:30 00:00:00   66.8    68.7   68.7   65.2   70.4   91.8      91.8    69.5       0         0        0
00:14:45 00:00:00   68.7    69.9   69.9   68.1   71.8   91.2      91.2    68.7       0         0        0
00:15:00 00:00:00   69.9    69.3   69.3   68.2   70.5   91.8      91.8    69.5       0         0        0
00:15:15 00:00:00   69.3    67.6   67.6   63.5   70.8   91.0      91.0    63.6       0         0        0
00:15:30 00:00:00   67.6    66.8   66.8   63.3   69.4   88.4      88.4    68.5       0         0        0
00:15:45 00:00:00   66.8    67.0   67.0   63.2   69.4   90.4      90.4    69.0       0         0        0
00:16:00 00:00:00   67.0    69.4   69.4   68.2   70.8   91.9      91.9    69.9       0         0        0
