Time     ActTimer PreLEQ LEQ[dB] LEQ_dt MIN_dt MAX_dt LcPeak LcPeak_dt SPL_Act OVER_dt OVER_Hold UNDER_dt
00:00:15 00:00:00   49.1    49.1   49.1   45.6   52.1   58.3      58.3    46.1       0         0        0
00:00:30 00:00:00   48.8    48.8   48.8   45.6   51.8   44.2      44.2    49.6       0         0        0
00:00:45 00:00:00   51.1    51.1   51.1   47.7   55.8   65.6      65.6    51.3       0         0        0
00:01:00 00:00:00   51.8    51.8   51.8   50.1   53.6   64.7      64.7    52.2       0         0        0
00:01:15 00:00:00   49.3    49.3   49.3   45.5   52.3   45.8      45.8    48.6       0         0        0
00:01:30 00:00:00   50.7    50.7   50.7   47.4   53.6   57.6      57.6    50.4       0         0        0
00:01:45 00:00:00   51.4    51.4   51.4   50.1   53.4   65.1      65.1    51.1       0         0        0
00:02:00 00:00:00   50.3    50.3   50.3   45.7   52.9   58.1      58.1    49.7       0         0        0
00:02:15 00:00:00   49.5    49.5   49.5   45.5   51.7   68.6      68.6    50.9       0         0        0
00:02:30 00:00:00   51.5    51.5   51.5   50.2   53.7   66.0      66.0    51.8       0         0        0
00:02:45 00:00:00   51.6    51.6   51.6   50.0   53.5   67.3      67.3    50.9       0         0        0
00:03:00 00:00:00   50.9    50.9   50.9   45.8   52.9   51.8      51.8    46.8       0         0        0
00:03:15 00:00:00   49.0    49.0   49.0   45.4   51.8   56.7      56.7    49.8       0         0        0
00:03:30 00:00:00   48.7    48.7   48.7   45.4   51.8   50.5      50.5    48.7       0         0        0
00:03:45 00:00:00   50.5    50.5   50.5   47.3   52.5   67.3      67.3    50.6       0         0        0
00:04:00 00:00:00   51.8    51.8   51.8   50.1   53.6   58.1      58.1    52.5       0         0        0
00:04:15 00:00:00   50.0    50.0   50.0   45.7   52.7   63.0      63.0    50.5       0         0        0
00:04:30 00:00:00   50.0    50.0   50.0   45.5   53.5   54.0      54.0    52.5       0         0        0
00:04:45 00:00:00   51.6    51.6   51.6   50.1   53.5   61.5      61.5    51.1       0         0        0
00:05:00 00:00:00   50.7    50.7   50.7   45.8   52.8   59.3      59.3    48.5       0         0        0
00:05:15 00:00:00   49.0    49.0   49.0   45.5   51.8   59.8      59.8    49.7       0         0        0
00:05:30 00:00:00   51.2    51.2   51.2   48.8   52.5   61.8      61.8    51.9       0         0        0
00:05:45 00:00:00   51.8    51.8   51.8   50.0   53.6   50.8      50.8    51.3       0         0        0
00:06:00 00:00:00   51.3    51.3   51.3   50.2   52.5   67.9      67.9    51.9       0         0        0
00:06:15 00:00:00   48.8    48.8   48.8   45.4   52.9   60.6      60.6    49.3       0         0        0
00:06:30 00:00:00   48.8    48.8   48.8   45.4   51.8   54.2      54.2    48.7       0         0        0
00:06:45 00:00:00   50.1    50.1   50.1   46.5   52.4   70.4      70.4    51.5       0         0        0
00:07:00 00:00:00   51.6    51.6   51.6   50.2   53.6   57.3      57.3    51.2       0         0        0
00:07:15 00:00:00   50.7    50.7   50.7   45.8   53.4   58.3      58.3    50.8       0         0        0
00:07:30 00:00:00   49.3    49.3   49.3   45.5   52.7   61.8      61.8    52.4       0         0        0
00:07:45 00:00:00   51.7    51.7   51.7   50.1   53.6   69.6      69.6    50.8       0         0        0
00:08:00 00:00:00   51.2    51.2   51.2   46.2   52.8   60.7      60.7    47.0       0         0        0
00:08:15 00:00:00   48.7    48.7   48.7   45.5   51.8   61.6      61.6    49.4       0         0        0
00:08:30 00:00:00   51.0    51.0   51.0   47.5   52.5   69.1      69.1    51.4       0         0        0
00:08:45 00:00:00   51.8    51.8   51.8   50.1   53.6   61.4      61.4    50.9       0         0        0
00:09:00 00:00:00   51.3    51.3   51.3   50.2   52.4   60.5      60.5    51.4       0         0        0
00:09:15 00:00:00   49.4    49.4   49.4   45.4   52.9   60.5      60.5    50.6       0         0        0
00:09:30 00:00:00   48.9    48.9   48.9   45.8   51.8   62.9      62.9    47.4       0         0        0
00:09:45 00:00:00   49.5    49.5   49.5   45.4   51.8   64.6      64.6    51.0       0         0        0
00:10:00 00:00:00   51.5    51.5   51.5   50.2   53.6   66.4      66.4    52.4       0         0        0
00:10:15 00:00:00   51.2    51.2   51.2   45.8   53.5   59.1      59.1    47.3       0         0        0
00:10:30 00:00:00   49.0    49.0   49.0   45.5   51.8   51.8      51.8    48.2       0         0        0
00:10:45 00:00:00   51.6    51.6   51.6   47.6   53.6   68.3      68.3    50.7       0         0        0
00:11:00 00:00:00   51.3    51.3   51.3   50.2   52.4   68.0      68.0    51.8       0         0        0
00:11:15 00:00:00   49.1    49.1   49.1   45.5   52.8   59.4      59.4    48.8       0         0        0
00:11:30 00:00:00   50.5    50.5   50.5   47.4   52.4   65.4      65.4    51.3       0         0        0
00:11:45 00:00:00   51.8    51.8   51.8   50.1   53.6   60.2      60.2    51.2       0         0        0
00:12:00 00:00:00   51.3    51.3   51.3   50.2   52.8   67.1      67.1    51.3       0         0        0
00:12:15 00:00:00   50.0    50.0   50.0   45.8   52.9   48.7      48.7    48.5       0         0        0
00:12:30 00:00:00   48.8    48.8   48.8   45.4   51.5   52.1      52.1    47.9       0         0        0
00:12:45 00:00:00   49.0    49.0   49.0   45.5   51.8   54.3      54.3    49.1       0         0        0
00:13:00 00:00:00   51.3    51.3   51.3   48.8   52.9   66.5      66.5    52.8       0         0        0
00:13:15 00:00:00   51.8    51.8   51.8   50.0   53.6   56.1      56.1    51.6       0         0        0
00:13:30 00:00:00   48.7    48.7   48.7   45.5   51.8   57.9      57.9    49.7       0         0        0
00:13:45 00:00:00   51.3    51.3   51.3   47.6   53.6   58.8      58.8    51.6       0         0        0
00:14:00 00:00:00   51.2    51.2   51.2   50.2   52.4   65.2      65.2    51.1       0         0        0
00:14:15 00:00:00   49.6    49.6   49.6   45.4   52.8   65.0      65.0    49.0       0         0        0
00:14:30 00:00:00   50.1    50.1   50.1   46.4   52.4   70.4      70.4    51.4       0         0        0
00:14:45 00:00:00   51.6    51.6   51.6   50.2   53.6   59.5      59.5    52.1       0         0        0
00:15:00 00:00:00   51.4    51.4   51.4   50.1   53.5   69.2      69.2    51.5       0         0        0
00:15:15 00:00:00   50.5    50.5   50.5   45.7   52.9   65.4      65.4    49.2       0         0        0
00:15:30 00:00:00   48.9    48.9   48.9   45.4   51.8   60.5      60.5    45.8       0         0        0
00:15:45 00:00:00   48.8    48.8   48.8   45.4   51.8   55.5      55.5    51.0       0         0        0
00:16:00 00:00:00   51.0    51.0   51.0   47.6   52.5   69.7      69.7    50.5       0         0        0
