Time     ActTimer PreLEQ LEQ[dB] LEQ_dt MIN_dt MAX_dt LcPeak LcPeak_dt SPL_Act OVER_dt OVER_Hold UNDER_dt
00:00:15 00:00:00   58.7    58.7   58.7   54.5   61.8   65.5      65.5    57.2       0         0        0
00:00:30 00:00:00   59.0    59.0   59.0   55.2   61.8   65.8      65.8    59.8       0         0        0
00:00:45 00:00:00   61.3    61.3   61.3   59.8   62.8   79.1      79.1    62.3       0         0        0
00:01:00 00:00:00   61.9    61.9   61.9   60.1   63.7   73.1      73.1    61.4       0         0        0
00:01:15 00:00:00   58.6    58.6   58.6   55.5   61.6   62.9      62.9    60.2       0         0        0
00:01:30 00:00:00   61.4    61.4   61.4   57.5   63.7   65.0      65.0    60.7       0         0        0
00:01:45 00:00:00   61.3    61.3   61.3   60.2   62.5   76.5      76.5    61.2       0         0        0
00:02:00 00:00:00   59.6    59.6   59.6   55.4   62.8   64.6      64.6    60.0       0         0        0
00:02:15 00:00:00   60.2    60.2   60.2   56.5   62.4   74.6      74.6    61.7       0         0        0
00:02:30 00:00:00   61.7    61.7   61.7   60.2   63.7   70.8      70.8    62.1       0         0        0
00:02:45 00:00:00   61.5    61.5   61.5   60.1   63.7   76.3      76.3    61.7       0         0        0
00:03:00 00:00:00   60.4    60.4   60.4   55.7   62.8   61.8      61.8    58.1       0         0        0
00:03:15 00:00:00   59.0    59.0   59.0   55.5   61.7   69.4      69.4    56.5       0         0        0
00:03:30 00:00:00   58.8    58.8   58.8   55.4   61.5   71.3      71.3    60.0       0         0        0
00:03:45 00:00:00   61.0    61.0   61.0   57.7   62.5   73.0      73.0    60.5       0         0        0
00:04:00 00:00:00   61.9    61.9   61.9   60.1   63.7   65.3      65.3    61.4       0         0        0
00:04:15 00:00:00   59.2    59.2   59.2   55.5   62.2   60.2      60.2    58.6       0         0        0
00:04:30 00:00:00   60.9    60.9   60.9   57.3   63.7   66.1      66.1    62.8       0         0        0
00:04:45 00:00:00   61.4    61.4   61.4   60.2   63.6   77.7      77.7    62.0       0         0        0
00:05:00 00:00:00   60.1    60.1   60.1   55.7   62.8   65.2      65.2    58.6       0         0        0
00:05:15 00:00:00   59.6    59.6   59.6   55.4   61.8   81.6      81.6    61.2       0         0        0
00:05:30 00:00:00   61.5    61.5   61.5   60.2   63.6   73.9      73.9    61.0       0         0        0
00:05:45 00:00:00   61.7    61.7   61.7   60.1   63.7   73.2      73.2    61.3       0         0        0
00:06:00 00:00:00   60.8    60.8   60.8   55.6   62.8   72.4      72.4    60.5       0         0        0
00:06:15 00:00:00   58.9    58.9   58.9   55.5   61.7   70.8      70.8    59.3       0         0        0
00:06:30 00:00:00   58.7    58.7   58.7   55.5   61.5   74.9      74.9    57.9       0         0        0
00:06:45 00:00:00   60.6    60.6   60.6   57.3   62.4   69.6      69.6    61.3       0         0        0
00:07:00 00:00:00   61.9    61.9   61.9   60.1   63.7   69.0      69.0    63.0       0         0        0
00:07:15 00:00:00   59.8    59.8   59.8   55.7   62.9   70.9      70.9    58.1       0         0        0
00:07:30 00:00:00   60.3    60.3   60.3   55.5   63.7   75.2      75.2    62.1       0         0        0
00:07:45 00:00:00   61.6    61.6   61.6   60.2   63.7   80.8      80.8    61.1       0         0        0
00:08:00 00:00:00   60.6    60.6   60.6   55.7   62.8   70.1      70.1    58.1       0         0        0
00:08:15 00:00:00   59.1    59.1   59.1   55.4   61.8   78.8      78.8    61.0       0         0        0
00:08:30 00:00:00   61.3    61.3   61.3   60.1   62.8   77.2      77.2    61.7       0         0        0
00:08:45 00:00:00   61.9    61.9   61.9   60.1   63.7   79.4      79.4    61.5       0         0        0
00:09:00 00:00:00   61.3    61.3   61.3   60.3   62.8   78.4      78.4    60.9       0         0        0
00:09:15 00:00:00   58.6    58.6   58.6   55.5   61.4   70.2      70.2    60.0       0         0        0
00:09:30 00:00:00   58.8    58.8   58.8   55.5   61.7   73.7      73.7    58.3       0         0        0
00:09:45 00:00:00   60.2    60.2   60.2   56.5   62.4   76.6      76.6    61.1       0         0        0
00:10:00 00:00:00   61.7    61.7   61.7   60.2   63.6   76.1      76.1    61.6       0         0        0
00:10:15 00:00:00   60.6    60.6   60.6   55.7   63.7   72.3      72.3    58.2       0         0        0
00:10:30 00:00:00   59.6    59.6   59.6   55.4   63.7   68.4      68.4    62.6       0         0        0
00:10:45 00:00:00   61.7    61.7   61.7   60.2   63.7   72.6      72.6    61.3       0         0        0
00:11:00 00:00:00   61.0    61.0   61.0   55.7   62.8   68.6      68.6    58.4       0         0        0
00:11:15 00:00:00   58.8    58.8   58.8   55.5   61.5   65.8      65.8    57.9       0         0        0
00:11:30 00:00:00   61.0    61.0   61.0   57.7   62.4   74.9      74.9    60.7       0         0        0
00:11:45 00:00:00   61.9    61.9   61.9   60.1   63.7   73.7      73.7    61.7       0         0        0
00:12:00 00:00:00   61.2    61.2   61.2   60.2   62.4   78.6      78.6    60.7       0         0        0
00:12:15 00:00:00   59.3    59.3   59.3   55.5   62.8   68.4      68.4    59.3       0         0        0
00:12:30 00:00:00   58.9    58.9   58.9   55.6   61.7   68.9      68.9    57.9       0         0        0
00:12:45 00:00:00   59.7    59.7   59.7   55.5   62.4   79.8      79.8    61.8       0         0        0
00:13:00 00:00:00   61.5    61.5   61.5   60.2   63.6   59.9      59.9    61.0       0         0        0
00:13:15 00:00:00   61.2    61.2   61.2   55.7   63.7   67.5      67.5    59.2       0         0        0
00:13:30 00:00:00   58.9    58.9   58.9   55.4   61.7   65.8      65.8    59.5       0         0        0
00:13:45 00:00:00   61.8    61.8   61.8   58.6   63.7   77.1      77.1    61.1       0         0        0
00:14:00 00:00:00   61.2    61.2   61.2   60.2   62.5   78.5      78.5    61.0       0         0        0
00:14:15 00:00:00   58.9    58.9   58.9   55.4   62.8   67.9      67.9    58.9       0         0        0
00:14:30 00:00:00   60.7    60.7   60.7   57.3   62.4   81.6      81.6    61.8       0         0        0
00:14:45 00:00:00   61.9    61.9   61.9   60.1   63.7   74.6      74.6    62.4       0         0        0
00:15:00 00:00:00   61.3    61.3   61.3   60.2   62.5   74.1      74.1    61.7       0         0        0
00:15:15 00:00:00   59.8    59.8   59.8   55.7   62.7   71.0      71.0    56.8       0         0        0
00:15:30 00:00:00   58.9    58.9   58.9   55.5   61.7   64.0      64.0    58.6       0         0        0
00:15:45 00:00:00   59.1    59.1   59.1   55.5   61.7   79.6      79.6    60.5       0         0        0
00:16:00 00:00:00   61.3    61.3   61.3   60.2   62.8   72.4      72.4    62.0       0         0        0
