Time     ActTimer PreLEQ LEQ[dB] LEQ_dt MIN_dt MAX_dt LcPeak LcPeak_dt SPL_Act OVER_dt OVER_Hold UNDER_dt
00:00:05 00:00:05    0.0    65.0   65.0   61.8   66.0   84.5      83.5    61.8       0         0        0
00:00:10 00:00:10   67.1    67.1   68.6   42.9   70.9   77.0      77.0    68.8       0         0        0
00:00:15 00:00:05   67.1    69.7   69.7   67.8   71.5   91.4      91.4    70.5       0         0        0
00:00:20 00:00:10   70.3    70.3   70.9   68.4   72.8   82.6      82.6    72.5       0         0        0
00:00:25 00:00:05   70.3    70.6   70.6   68.5   73.2   93.0      93.0    71.8       0         0        0
00:00:30 00:00:10   70.8    70.8   71.0   69.2   73.0   82.2      82.2    72.4       0         0        0
00:00:35 00:00:05   70.8    71.5   71.5   68.1   73.6   91.1      91.1    71.2       0         0        0
00:00:40 00:00:00   70.8    71.5   71.5   68.6   73.8   91.4      91.4    70.0       0         0        0
00:00:45 00:00:05   71.5    70.1   70.1   67.8   71.3   91.0      91.0    70.6       0         0        0
00:00:50 00:00:10   70.2    70.2   70.3   63.6   72.7   82.0      82.0    69.6       0         0        0
00:00:55 00:00:05   70.2    69.5   69.5   64.0   72.0   91.1      91.1    70.4       0         0        0
00:01:00 00:00:10   68.9    68.9   68.2   64.9   71.5   75.3      75.3    68.8       0         0        0
00:01:05 00:00:05   68.9    71.0   71.0   68.5   73.3   91.4      91.4    70.7       0         0        0
00:01:10 00:00:10   70.8    70.8   70.5   68.3   72.5   80.2      80.2    70.7       0         0        0
00:01:15 00:00:05   70.8    70.4   70.4   68.0   72.3   92.5      92.5    68.3       0         0        0
00:01:20 00:00:10   68.2    68.2   63.8   48.1   68.5   57.5      57.5    48.1       0         0        0
00:01:25 00:00:05   68.2    59.8   59.8   30.6   67.6   87.4      87.4    60.5       0         0        0
00:01:30 00:00:10   61.7    61.7   63.0   56.1   66.4   73.4      73.4    62.1       0         0        0
00:01:35 00:00:05   61.7    61.8   61.8   51.1   65.1   87.0      87.0    62.5       0         0        0
00:01:40 00:00:10   61.8    61.8   61.8   58.3   65.7   67.1      67.1    61.9       0         0        0
00:01:45 00:00:05   61.8    62.6   62.6   57.8   65.9   83.8      83.8    62.2       0         0        0
00:01:50 00:00:10   63.5    63.5   64.3   59.8   67.2   72.2      72.2    65.1       0         0        0
00:01:55 00:00:05   63.5    67.0   67.0   63.9   70.4   88.4      88.4    66.3       0         0        0
00:02:00 00:00:10   68.0    68.0   68.9   65.3   72.5   83.3      83.3    69.0       0         0        0
00:02:05 00:00:05   68.0    69.8   69.8   66.1   72.9   92.2      92.2    68.4       0         0        0
00:02:10 00:00:10   70.1    70.1   70.5   66.3   74.3   76.1      76.1    67.1       0         0        0
00:02:15 00:00:05   70.1    69.8   69.8   64.4   72.8   89.7      89.7    65.4       0         0        0
00:02:20 00:00:10   68.0    68.0   64.7   60.0   67.9   68.2      68.2    65.7       0         0        0
00:02:25 00:00:05   68.0    63.2   63.2   57.9   66.0   89.6      89.6    63.8       0         0        0
00:02:30 00:00:10   64.8    64.8   66.0   62.5   69.0   73.0      73.0    67.6       0         0        0
00:02:35 00:00:05   64.8    66.2   66.2   62.2   68.8   87.9      87.9    67.8       0         0        0
00:02:40 00:00:00   64.8    67.0   67.6   63.5   70.7   90.4      90.4    63.5       0         0        0
00:02:45 00:00:05   67.0    69.5   69.4   63.2   72.5   90.7      90.7    68.7       0         0        0
00:02:50 00:00:10   69.8    69.8   70.1   65.0   73.0   73.8      73.8    70.5       0         0        0
00:02:55 00:00:05   69.8    70.8   70.8   66.0   73.5   90.9      90.9    66.2       0         0        0
00:03:00 00:00:10   70.8    70.8   70.8   64.6   74.8   84.0      84.0    71.5       0         0        0
00:03:05 00:00:05   70.8    66.5   66.5   60.9   71.4   89.8      89.8    64.7       0         0        0
00:03:10 00:00:10   65.1    65.1   63.1   55.2   68.3   72.7      72.7    63.1       0         0        0
00:03:15 00:00:05   65.1    63.5   63.5   59.9   66.1   89.2      89.2    64.6       0         0        0
00:03:20 00:00:10   64.3    64.3   65.0   59.1   68.0   74.6      74.6    63.4       0         0        0
00:03:25 00:00:05   64.3    67.3   67.3   62.6   70.2   89.1      89.1    67.8       0         0        0
00:03:30 00:00:10   68.2    68.2   68.9   64.8   72.0   80.5      80.5    70.1       0         0        0
00:03:35 00:00:05   68.2    70.4   70.4   66.3   72.5   91.7      91.7    71.5       0         0        0
00:03:40 00:00:10   70.7    70.7   70.9   66.9   74.1   75.5      75.5    67.5       0         0        0
00:03:45 00:00:05   70.7    70.9   70.9   64.9   74.6   90.2      90.2    71.6       0         0        0
00:03:50 00:00:10   70.8    70.8   70.6   67.2   72.5   77.9      77.9    67.4       0         0        0
00:03:55 00:00:05   70.8    71.5   71.5   67.0   74.0   91.7      91.7    72.1       0         0        0
00:04:00 00:00:10   69.6    69.6   66.4   57.5   72.5   75.5      75.5    62.2       0         0        0
00:04:05 00:00:05   69.6    63.9   63.9   55.9   67.5   90.1      90.1    65.1       0         0        0
00:04:10 00:00:10   63.7    63.7   63.5   54.2   67.8   76.9      76.9    67.1       0         0        0
00:04:15 00:00:05   63.7    64.7   64.7   61.6   67.0   89.1      89.1    62.4       0         0        0
00:04:20 00:00:10   63.7    63.7   62.5   55.5   65.9   68.8      68.8    62.6       0         0        0
00:04:25 00:00:05   63.7    64.3   64.3   60.8   67.2   89.6      89.6    63.3       0         0        0
00:04:30 00:00:10   63.1    63.1   61.6   49.9   68.2   67.0      67.0    61.0       0         0        0
00:04:35 00:00:05   63.1    63.2   63.2   57.2   68.3   85.6      85.6    66.5       0         0        0
00:04:40 00:00:00   63.1    67.9   70.1   62.6   72.5   92.3      92.3    69.8       0         0        0
00:04:45 00:00:05   67.9    71.0   71.0   68.1   72.9   92.3      92.3    70.4       0         0        0
00:04:50 00:00:10   71.1    71.1   71.2   68.7   73.5   78.2      78.2    71.9       0         0        0
00:04:55 00:00:05   71.1    71.5   71.5   68.6   74.3   91.6      91.6    68.6       0         0        0
00:05:00 00:00:10   71.3    71.3   71.1   67.7   72.9   85.2      85.2    71.2       0         0        0
00:05:05 00:00:05   71.3    71.6   71.6   68.6   74.2   91.5      91.5    71.1       0         0        0
00:05:10 00:00:10   71.5    71.5   71.3   67.9   73.5   83.1      83.1    71.5       0         0        0
00:05:15 00:00:05   71.5    69.5   69.5   60.4   73.4   90.1      90.1    61.5       0         0        0
00:05:20 00:00:10   66.7    66.7   56.0   48.2   62.1   52.8      52.8    54.4       0         0        0
00:05:25 00:00:05   66.7    57.8   57.8   30.5   65.7   88.1      88.1    64.7       0         0        0
00:05:30 00:00:10   61.7    61.7   63.7   56.1   67.2   79.5      79.5    65.5       0         0        0
00:05:35 00:00:05   61.7    62.5   62.5   57.6   66.5   89.7      89.7    63.1       0         0        0
00:05:40 00:00:10   62.8    62.8   63.1   57.9   66.4   77.1      77.1    65.6       0         0        0
00:05:45 00:00:05   62.8    68.1   68.1   59.7   72.3   90.4      90.4    70.6       0         0        0
00:05:50 00:00:10   69.4    69.4   70.4   67.5   72.0   79.3      79.3    70.7       0         0        0
00:05:55 00:00:05   69.4    69.5   69.5   66.1   72.1   90.8      90.8    70.8       0         0        0
00:06:00 00:00:10   69.8    69.8   70.1   66.4   72.3   77.0      77.0    69.5       0         0        0
00:06:05 00:00:05   69.8    69.1   69.1   65.3   71.0   90.4      90.4    69.8       0         0        0
00:06:10 00:00:10   69.5    69.5   69.9   66.8   71.5   77.1      77.1    70.9       0         0        0
00:06:15 00:00:05   69.5    70.0   70.0   67.0   72.2   91.0      91.0    70.2       0         0        0
00:06:20 00:00:10   70.8    70.8   71.4   68.0   73.6   81.6      81.6    73.4       0         0        0
00:06:25 00:00:05   70.8    70.8   70.8   66.0   73.4   89.0      89.0    69.7       0         0        0
00:06:30 00:00:10   70.6    70.6   70.4   65.8   73.4   84.7      84.7    71.0       0         0        0
00:06:35 00:00:05   70.6    70.6   70.6   66.1   73.2   89.7      89.7    68.9       0         0        0
00:06:40 00:00:00   70.6    69.4   67.6   56.4   70.7   89.7      88.9    65.4       0         0        0
00:06:45 00:00:05   69.3    69.5   69.5   62.3   71.3   89.0      89.0    68.9       0         0        0
00:06:50 00:00:10   69.5    69.5   69.4   66.4   71.1   82.7      82.7    69.7       0         0        0
00:06:55 00:00:05   69.5    69.7   69.7   66.2   71.0   89.7      89.7    67.5       0         0        0
00:07:00 00:00:10   69.8    69.8   69.9   67.7   71.8   75.7      75.7    71.6       0         0        0
00:07:05 00:00:05   69.8    70.8   70.8   68.1   73.2   88.8      88.8    71.1       0         0        0
00:07:10 00:00:10   70.8    70.8   70.7   67.8   72.4   79.7      79.7    69.2       0         0        0
00:07:15 00:00:05   70.8    70.6   70.6   68.4   71.7   89.2      89.2    70.9       0         0        0
00:07:20 00:00:10   71.1    71.1   71.5   64.8   73.6   81.2      81.2    72.2       0         0        0
00:07:25 00:00:05   71.1    69.8   69.8   65.8   72.5   89.4      89.4    69.9       0         0        0
00:07:30 00:00:10   70.0    70.0   70.2   65.2   72.8   80.2      80.2    68.6       0         0        0
00:07:35 00:00:05   70.0    70.7   70.7   67.4   72.9   90.1      90.1    69.9       0         0        0
00:07:40 00:00:10   70.7    70.7   70.7   66.0   72.6   81.6      81.6    70.8       0         0        0
00:07:45 00:00:05   70.7    70.0   70.0   66.4   71.6   88.6      88.6    70.1       0         0        0
00:07:50 00:00:10   70.2    70.2   70.5   67.0   72.8   77.0      77.0    69.8       0         0        0
00:07:55 00:00:05   70.2    69.0   69.0   62.5   71.6   89.4      89.4    68.2       0         0        0
00:08:00 00:00:10   68.4    68.4   67.8   61.7   71.8   77.7      77.7    69.3       0         0        0
00:08:05 00:00:05   68.4    68.3   68.3   62.2   71.2   88.9      88.9    66.2       0         0        0
00:08:10 00:00:10   68.2    68.2   68.1   63.7   71.1   78.2      78.2    70.7       0         0        0
00:08:15 00:00:05   68.2    70.8   70.8   68.3   72.2   88.3      88.3    70.8       0         0        0
00:08:20 00:00:10   70.9    70.9   71.1   69.8   72.8   83.4      83.4    70.4       0         0        0
00:08:25 00:00:05   70.9    70.7   70.7   68.9   71.8   88.6      88.6    71.0       0         0        0
00:08:30 00:00:10   71.1    71.1   71.4   69.9   74.6   83.0      83.0    71.7       0         0        0
00:08:35 00:00:05   71.1    71.4   71.4   69.4   73.1   87.7      87.7    71.4       0         0        0
00:08:40 00:00:00   71.1    71.3   71.3   69.8   72.1   88.2      88.2    71.8       0         0        0
00:08:45 00:00:05   71.3    71.3   71.4   69.5   73.2   89.0      89.0    71.9       0         0        0
00:08:50 00:00:10   71.5    71.5   71.6   68.9   73.9   79.7      79.7    70.7       0         0        0
00:08:55 00:00:05   71.5    70.5   70.5   67.0   72.7   86.8      86.8    70.2       0         0        0
00:09:00 00:00:10   70.6    70.6   70.8   68.2   72.2   77.2      77.2    71.2       0         0        0
00:09:05 00:00:05   70.6    70.8   70.8   68.0   72.6   88.5      88.5    71.0       0         0        0
00:09:10 00:00:10   71.0    71.0   71.1   68.7   72.9   77.4      77.4    70.7       0         0        0
00:09:15 00:00:05   71.0    70.8   70.8   68.3   72.7   88.5      88.5    70.2       0         0        0
00:09:20 00:00:10   70.9    70.9   70.9   68.5   72.8   72.3      72.3    70.3       0         0        0
00:09:25 00:00:05   70.9    70.8   70.8   67.0   72.0   88.0      88.0    70.6       0         0        0
00:09:30 00:00:10   70.9    70.9   70.9   69.5   72.9   66.5      66.5    71.9       0         0        0
00:09:35 00:00:05   70.9    71.5   71.5   69.8   73.2   88.3      88.3    70.9       0         0        0
00:09:40 00:00:10   70.8    70.8   70.0   66.5   71.6   74.5      74.5    68.7       0         0        0
00:09:45 00:00:05   70.8    67.9   67.9   37.3   72.0   89.5      89.5    37.3       0         0        0
00:09:50 00:00:10   64.9    64.9   38.8   30.5   48.5   51.6      51.6    48.5       0         0        0
00:09:55 00:00:05   64.9    59.8   59.8   48.2   66.9   83.4      83.4    60.6       0         0        0
00:10:00 00:00:10   63.1    63.1   65.0   57.5   67.9   73.6      73.6    67.6       0         0        0
00:10:05 00:00:05   63.1    69.5   69.5   62.1   72.1   91.7      91.7    69.7       0         0        0
00:10:10 00:00:10   69.5    69.5   69.5   67.8   70.6   82.2      82.2    69.7       0         0        0
00:10:15 00:00:05   69.5    70.1   70.1   68.5   71.9   90.9      90.9    69.4       0         0        0
00:10:20 00:00:10   70.0    70.0   70.0   67.8   71.3   75.2      75.2    67.8       0         0        0
00:10:25 00:00:05   70.0    70.0   70.0   67.2   71.0   91.4      91.4    70.3       0         0        0
00:10:30 00:00:10   69.9    69.9   69.8   67.1   71.1   75.2      75.2    70.5       0         0        0
00:10:35 00:00:05   69.9    69.5   69.5   66.5   70.7   90.1      90.1    69.3       0         0        0
00:10:40 00:00:00   69.9    69.5   69.4   66.5   70.9   91.4      91.4    70.2       0         0        0
00:10:45 00:00:05   69.5    69.5   69.5   65.3   71.0   90.2      90.2    69.5       0         0        0
00:10:50 00:00:10   69.7    69.7   69.8   66.8   71.1   69.6      69.6    70.1       0         0        0
00:10:55 00:00:05   69.7    70.4   70.4   68.7   71.9   90.6      90.6    69.9       0         0        0
00:11:00 00:00:10   70.7    70.7   71.0   69.9   71.8   77.6      77.6    70.6       0         0        0
00:11:05 00:00:05   70.7    70.8   70.8   68.9   72.1   91.6      91.6    71.2       0         0        0
00:11:10 00:00:10   70.8    70.8   70.7   68.1   72.0   78.8      78.8    70.9       0         0        0
00:11:15 00:00:05   70.8    70.3   70.3   66.8   71.8   90.1      90.1    69.7       0         0        0
00:11:20 00:00:10   70.4    70.4   70.5   67.9   72.0   89.5      89.5    71.7       0         0        0
00:11:25 00:00:05   70.4    70.3   70.3   68.3   71.8   90.8      90.8    69.9       0         0        0
00:11:30 00:00:10   70.3    70.3   70.4   67.7   71.6   77.8      77.8    70.2       0         0        0
00:11:35 00:00:05   70.3    70.3   70.3   68.1   71.5   89.6      89.6    69.9       0         0        0
00:11:40 00:00:10   70.7    70.7   71.0   69.0   72.0   73.3      73.3    69.0       0         0        0
00:11:45 00:00:05   70.7    70.5   70.5   68.7   71.7   89.8      89.8    71.0       0         0        0
00:11:50 00:00:10   70.3    70.3   70.1   67.1   71.8   83.1      83.1    67.9       0         0        0
00:11:55 00:00:05   70.3    68.9   68.9   66.9   70.5   88.2      88.2    70.2       0         0        0
00:12:00 00:00:10   69.2    69.2   69.4   67.6   70.9   75.4      75.4    69.1       0         0        0
00:12:05 00:00:05   69.2    70.6   70.6   67.4   72.3   90.3      90.3    71.0       0         0        0
00:12:10 00:00:10   70.9    70.9   71.2   70.0   72.3   80.9      80.9    70.8       0         0        0
00:12:15 00:00:05   70.9    70.9   70.9   69.9   71.8   90.9      90.9    71.5       0         0        0
00:12:20 00:00:10   71.1    71.1   71.3   70.2   72.1   80.6      80.6    70.8       0         0        0
00:12:25 00:00:05   71.1    71.3   71.3   69.9   73.0   89.9      89.9    71.6       0         0        0
00:12:30 00:00:10   71.2    71.2   71.1   70.2   72.4   78.3      78.3    71.6       0         0        0
00:12:35 00:00:05   71.2    71.1   71.1   70.2   72.4   89.8      89.8    71.5       0         0        0
00:12:40 00:00:00   71.2    70.7   70.2   67.4   72.4   90.5      90.5    68.5       0         0        0
00:12:45 00:00:05   70.7    69.8   69.8   67.1   71.2   88.5      88.5    71.0       0         0        0
00:12:50 00:00:10   69.8    69.8   69.9   67.9   71.1   82.9      82.9    71.0       0         0        0
00:12:55 00:00:05   69.8    70.3   70.3   68.1   71.7   89.7      89.7    70.3       0         0        0
00:13:00 00:00:10   70.1    70.1   69.9   68.9   70.9   79.2      79.2    70.7       0         0        0
00:13:05 00:00:05   70.1    70.4   70.4   69.0   71.7   89.2      89.2    69.7       0         0        0
00:13:10 00:00:10   70.6    70.6   70.8   68.9   71.9   74.3      74.3    70.6       0         0        0
00:13:15 00:00:05   70.6    70.9   70.9   69.4   72.0   89.5      89.5    70.5       0         0        0
00:13:20 00:00:10   70.8    70.8   70.6   69.1   72.1   76.0      76.0    70.7       0         0        0
00:13:25 00:00:05   70.8    71.2   71.2   69.8   72.4   89.1      89.1    70.9       0         0        0
00:13:30 00:00:10   70.9    70.9   70.5   68.1   71.9   75.8      75.8    69.7       0         0        0
00:13:35 00:00:05   70.9    70.6   70.6   69.6   71.8   89.6      89.6    70.6       0         0        0
00:13:40 00:00:10   70.5    70.5   70.4   68.8   71.7   78.0      78.0    70.6       0         0        0
00:13:45 00:00:05   70.5    71.0   71.0   69.5   71.9   89.9      89.9    69.8       0         0        0
00:13:50 00:00:10   69.2    69.2   66.1   61.7   70.4   70.9      70.9    61.9       0         0        0
00:13:55 00:00:05   69.2    56.0   56.0   48.9   62.0   76.8      76.8    49.0       0         0        0
00:14:00 00:00:10   53.2    53.2   43.7   35.6   49.0   41.5      41.5    35.6       0         0        0
00:14:05 00:00:05   53.2    31.4   31.4   30.5   35.6   53.0      53.0    30.7       0         0        1
00:14:10 00:00:10   59.8    59.8   62.8   30.6   66.3   70.1      70.1    65.9       0         0        0
00:14:15 00:00:05   59.8    66.9   66.9   63.5   69.0   88.3      88.3    65.6       0         0        0
00:14:20 00:00:10   66.5    66.5   66.0   61.0   68.8   71.4      71.4    68.0       0         0        0
00:14:25 00:00:05   66.5    68.2   68.2   64.7   70.4   89.2      89.2    68.1       0         0        0
00:14:30 00:00:10   68.0    68.0   67.8   63.3   72.4   79.1      79.1    68.0       0         0        0
00:14:35 00:00:05   68.0    66.8   66.8   59.2   72.3   90.0      90.0    68.6       0         0        0
00:14:40 00:00:00   68.0    67.5   68.2   63.0   73.2   91.0      91.0    67.0       0         0        0
00:14:45 00:00:05   67.5    67.2   67.1   59.5   72.4   90.6      90.6    69.4       0         0        0
00:14:50 00:00:10   68.3    68.3   69.2   64.9   73.0   71.2      71.2    69.2       0         0        0
00:14:55 00:00:05   68.3    68.6   68.6   64.3   72.7   89.0      89.0    67.2       0         0        0
00:15:00 00:00:10   69.8    69.8   70.8   66.7   73.8   67.1      67.1    69.0       0         0        0
00:15:05 00:00:05   69.8    69.4   69.4   61.6   73.6   90.7      90.7    73.3       0         0        0
00:15:10 00:00:10   68.5    68.5   67.2   59.8   73.4   85.5      85.5    68.0       0         0        0
00:15:15 00:00:05   68.5    69.8   69.8   64.1   75.1   90.1      90.1    64.4       0         0        0
00:15:20 00:00:10   69.0    69.0   68.1   61.0   73.2   66.7      66.7    63.5       0         0        0
00:15:25 00:00:05   69.0    70.2   70.2   60.2   75.3   90.6      90.6    67.8       0         0        0
00:15:30 00:00:10   70.2    70.2   70.3   65.6   74.6   77.5      77.5    67.2       0         0        0
00:15:35 00:00:05   70.2    67.0   67.0   58.2   71.1   89.0      89.0    68.0       0         0        0
00:15:40 00:00:10   66.4    66.4   65.8   58.4   68.2   69.9      69.9    68.2       0         0        0
00:15:45 00:00:05   66.4    68.0   68.0   62.7   70.2   90.1      90.1    68.0       0         0        0
00:15:50 00:00:10   68.2    68.2   68.3   66.0   70.0   82.6      82.6    67.4       0         0        0
00:15:55 00:00:05   68.2    68.0   68.0   61.9   72.2   91.2      91.2    69.4       0         0        0
00:16:00 00:00:10   67.8    67.8   67.6   58.6   72.2   75.4      75.4    67.0       0         0        0
