Time     ActTimer PreLEQ LEQ[dB] LEQ_dt MIN_dt MAX_dt LcPeak LcPeak_dt SPL_Act OVER_dt OVER_Hold UNDER_dt
00:00:05 00:00:05    0.0    47.8   47.8   38.2   55.3   87.7      87.7    46.7       0         0        0
00:00:10 00:00:00    0.0    46.6   44.9   37.3   50.0   87.7      73.8    43.2       0         0        0
00:00:15 00:00:05   46.6    46.5   46.4   37.6   52.4   84.7      84.7    44.1       0         0        0
00:00:20 00:00:00   46.6    47.3   48.0   37.6   54.5   84.7      77.8    51.2       0         0        0
00:00:25 00:00:05   47.3    50.0   50.0   44.7   53.9   78.1      78.1    52.1       0         0        0
00:00:30 00:00:00   47.3    49.6   49.2   41.9   53.5   78.1      77.9    45.5       0         0        0
00:00:35 00:00:05   49.6    49.5   49.4   41.7   53.4   78.4      78.4    49.6       0         0        0
00:00:40 00:00:00   49.6    50.8   51.8   46.3   57.3   89.6      89.6    48.1       0         0        0
00:00:45 00:00:05   50.8    50.1   50.0   41.5   56.1   77.6      77.6    50.0       0         0        0
00:00:50 00:00:00   50.8    50.5   50.9   45.0   55.3   78.1      78.1    51.0       0         0        0
00:00:55 00:00:05   50.5    51.9   51.9   43.8   55.9   77.1      77.1    51.4       0         0        0
00:01:00 00:00:00   50.5    52.0   52.1   44.6   56.0   77.6      77.6    53.0       0         0        0
00:01:05 00:00:05   52.0    51.7   51.7   42.2   56.2   77.2      77.2    54.5       0         0        0
00:01:10 00:00:00   52.0    51.6   51.5   43.3   55.9   77.2      76.8    53.3       0         0        0
00:01:15 00:00:05   51.6    50.9   50.9   42.4   55.9   78.1      78.1    49.4       0         0        0
00:01:20 00:00:00   51.6    52.9   54.3   44.4   66.9   91.0      91.0    49.1       0         0        0
00:01:25 00:00:05   52.9    50.4   50.4   44.5   54.4   76.9      76.9    49.3       0         0        0
00:01:30 00:00:00   52.9    49.7   49.0   41.3   53.2   77.0      77.0    46.1       0         0        0
00:01:35 00:00:05   49.7    50.1   50.0   42.2   54.3   77.4      77.4    51.7       0         0        0
00:01:40 00:00:00   49.7    50.4   50.7   43.6   55.1   77.5      77.5    50.8       0         0        0
00:01:45 00:00:05   50.4    49.8   49.8   43.9   55.0   77.1      77.1    52.4       0         0        0
00:01:50 00:00:00   50.4    50.1   50.4   44.4   53.8   77.3      77.3    44.4       0         0        0
00:01:55 00:00:05   50.2    48.8   48.9   40.5   52.9   77.0      77.0    44.2       0         0        0
00:02:00 00:00:00   50.2    49.1   49.4   41.3   53.4   77.0      76.6    45.9       0         0        0
00:02:05 00:00:05   49.1    51.4   51.4   45.2   56.8   76.9      76.9    52.0       0         0        0
00:02:10 00:00:00   49.1    51.3   51.3   44.2   55.0   77.0      77.0    50.0       0         0        0
00:02:15 00:00:05   51.4    52.1   52.1   45.9   56.0   77.3      77.3    47.2       0         0        0
00:02:20 00:00:00   51.4    52.1   52.1   44.0   56.1   77.3      76.9    55.9       0         0        0
00:02:25 00:00:05   52.1    52.3   52.3   44.7   56.3   76.9      76.9    54.5       0         0        0
00:02:30 00:00:00   52.1    51.9   51.4   44.8   55.7   77.2      77.2    55.4       0         0        0
00:02:35 00:00:05   51.9    52.7   52.7   47.5   56.3   76.4      76.4    49.7       0         0        0
00:02:40 00:00:00   51.9    52.6   52.5   46.4   56.5   77.1      77.1    54.0       0         0        0
00:02:45 00:00:05   52.6    51.8   51.8   44.6   55.8   76.9      76.9    51.5       0         0        0
00:02:50 00:00:00   52.6    51.9   52.0   46.2   55.9   77.5      77.5    52.6       0         0        0
00:02:55 00:00:05   51.9    51.0   51.0   44.0   55.1   77.0      77.0    50.8       0         0        0
00:03:00 00:00:00   51.9    51.0   50.9   46.9   55.5   77.0      76.8    48.4       0         0        0
00:03:05 00:00:05   50.9    50.5   50.5   45.0   54.8   76.8      76.8    50.2       0         0        0
00:03:10 00:00:00   50.9    51.3   52.0   47.2   56.2   77.7      77.7    55.2       0         0        0
00:03:15 00:00:05   51.3    51.5   51.5   43.3   55.8   76.8      76.8    43.6       0         0        0
00:03:20 00:00:00   51.3    51.3   51.0   42.6   55.9   77.5      77.5    48.3       0         0        0
00:03:25 00:00:05   51.2    52.0   51.9   44.0   56.3   77.0      77.0    49.2       0         0        0
00:03:30 00:00:00   51.2    52.4   52.8   48.0   56.4   77.0      76.9    52.1       0         0        0
00:03:35 00:00:05   52.4    52.3   52.2   46.6   56.0   77.3      77.3    50.4       0         0        0
00:03:40 00:00:00   52.4    52.2   52.1   46.2   55.8   77.3      76.9    49.9       0         0        0
00:03:45 00:00:05   52.2    51.4   51.4   45.7   55.6   76.6      76.6    49.0       0         0        0
00:03:50 00:00:00   52.2    51.4   51.5   44.2   55.4   76.6      76.4    52.2       0         0        0
00:03:55 00:00:05   51.4    52.0   52.0   45.1   55.8   77.5      77.5    54.4       0         0        0
00:04:00 00:00:00   51.4    51.8   51.5   45.8   56.2   77.5      76.4    47.8       0         0        0
00:04:05 00:00:05   51.8    52.0   52.1   45.4   56.7   77.0      77.0    46.8       0         0        0
00:04:10 00:00:00   51.8    50.2   47.3   35.5   53.5   77.0      75.3    39.7       0         0        0
00:04:15 00:00:05   50.2    35.6   35.8   30.6   43.0   63.4      63.4    30.8       0         0        1
00:04:20 00:00:00   50.2    36.2   36.7   30.5   49.1   67.0      67.0    45.7       0         0        0
00:04:25 00:00:05   36.6    42.8   42.9   30.7   50.5   69.7      69.7    39.0       0         0        0
00:04:30 00:00:00   36.6    44.1   45.2   33.6   51.3   71.2      71.2    47.6       0         0        0
00:04:35 00:00:05   44.2    45.7   45.7   33.7   51.6   74.1      74.1    48.9       0         0        0
00:04:40 00:00:00   44.2    46.1   46.4   37.2   51.7   74.1      72.5    50.9       0         0        0
00:04:45 00:00:05   46.1    48.7   48.7   35.3   53.6   74.6      74.6    52.5       0         0        0
00:04:50 00:00:00   46.1    48.1   47.4   36.0   53.9   74.6      72.9    38.3       0         0        0
00:04:55 00:00:05   48.0    47.5   47.4   35.3   53.8   74.7      74.7    44.6       0         0        0
00:05:00 00:00:00   48.0    47.8   48.0   37.4   53.4   74.7      73.7    44.0       0         0        0
00:05:05 00:00:05   47.7    47.5   47.4   35.6   53.6   75.6      75.6    49.1       0         0        0
00:05:10 00:00:00   47.7    47.9   48.2   35.1   53.8   75.8      75.8    48.5       0         0        0
00:05:15 00:00:05   48.0    46.7   47.0   37.6   52.3   73.1      73.1    44.5       0         0        0
00:05:20 00:00:00   48.0    46.7   46.6   36.1   51.7   73.1      72.3    44.4       0         0        0
00:05:25 00:00:05   46.6    46.8   46.7   37.1   51.7   73.4      73.4    46.6       0         0        0
00:05:30 00:00:00   46.6    46.8   46.9   39.2   51.8   73.4      73.4    50.0       0         0        0
00:05:35 00:00:05   46.8    48.4   48.4   42.5   53.0   74.2      74.2    49.1       0         0        0
00:05:40 00:00:00   46.8    47.9   47.4   41.9   52.1   74.5      74.5    50.8       0         0        0
00:05:45 00:00:05   47.9    47.4   47.5   39.2   52.5   74.0      74.0    44.9       0         0        0
00:05:50 00:00:00   47.9    47.7   47.9   37.8   54.8   74.0      72.9    42.2       0         0        0
00:05:55 00:00:05   47.7    52.2   52.1   41.1   62.6   86.0      86.0    53.5       0         0        0
00:06:00 00:00:00   47.7    51.2   49.8   40.1   55.1   86.0      76.3    43.8       0         0        0
00:06:05 00:00:05   51.1    47.9   47.9   39.2   52.0   74.2      74.2    48.7       0         0        0
00:06:10 00:00:00   51.1    47.5   47.0   38.8   51.6   74.2      73.2    51.3       0         0        0
00:06:15 00:00:05   47.5    46.5   46.5   39.2   51.3   73.0      73.0    43.0       0         0        0
00:06:20 00:00:00   47.5    46.9   47.3   38.1   52.2   73.5      73.5    48.8       0         0        0
00:06:25 00:00:05   46.9    47.8   47.8   40.6   51.9   73.8      73.8    44.6       0         0        0
00:06:30 00:00:00   46.9    47.9   48.0   40.8   52.5   73.8      72.4    49.4       0         0        0
00:06:35 00:00:05   47.9    47.7   47.7   41.0   52.5   74.2      74.2    47.6       0         0        0
00:06:40 00:00:00   47.9    48.7   49.5   40.6   55.2   74.2      73.7    51.8       0         0        0
00:06:45 00:00:05   48.7    50.6   50.6   41.9   54.9   75.0      75.0    51.8       0         0        0
00:06:50 00:00:00   48.7    50.0   49.3   39.6   54.5   75.5      75.5    46.3       0         0        0
00:06:55 00:00:05   50.0    50.1   50.0   40.8   54.7   73.9      73.9    46.4       0         0        0
00:07:00 00:00:00   50.0    50.1   50.1   42.5   54.3   73.9      73.8    47.6       0         0        0
00:07:05 00:00:05   50.0    50.3   50.2   41.0   54.8   75.9      75.9    52.8       0         0        0
00:07:10 00:00:00   50.0    50.1   50.0   41.1   55.0   75.9      75.9    50.8       0         0        0
00:07:15 00:00:05   50.1    48.0   48.0   36.5   53.9   73.4      73.4    44.3       0         0        0
00:07:20 00:00:00   50.1    48.8   49.5   37.9   54.7   73.4      72.5    44.2       0         0        0
00:07:25 00:00:05   48.8    49.4   49.3   38.3   54.7   74.7      74.7    49.1       0         0        0
00:07:30 00:00:00   48.8    49.9   50.3   42.7   54.9   74.7      72.3    48.0       0         0        0
00:07:35 00:00:05   50.0    50.3   50.4   43.0   54.6   75.8      75.8    49.0       0         0        0
00:07:40 00:00:00   50.0    50.4   50.4   45.9   54.6   75.8      75.7    52.2       0         0        0
00:07:45 00:00:05   50.3    49.5   49.5   41.4   55.8   75.1      75.1    49.0       0         0        0
00:07:50 00:00:00   50.3    50.4   51.1   42.2   55.5   75.1      75.1    51.6       0         0        0
00:07:55 00:00:05   50.3    51.6   51.5   42.3   55.9   75.8      75.8    54.5       0         0        0
00:08:00 00:00:00   50.3    51.4   51.2   43.1   54.9   75.8      74.8    44.1       0         0        0
00:08:05 00:00:05   51.4    51.0   51.0   42.1   54.9   75.0      75.0    50.5       0         0        0
00:08:10 00:00:00   51.4    51.6   52.1   42.1   57.2   75.0      73.9    50.6       0         0        0
00:08:15 00:00:05   51.5    51.7   51.6   42.9   55.3   74.9      74.9    52.8       0         0        0
00:08:20 00:00:00   51.5    51.0   50.1   36.2   54.2   74.9      73.1    50.7       0         0        0
00:08:25 00:00:05   51.0    49.3   49.2   41.6   54.3   74.0      74.0    44.3       0         0        0
00:08:30 00:00:00   51.0    49.7   50.0   41.8   55.1   74.0      73.0    50.2       0         0        0
00:08:35 00:00:05   49.7    50.6   50.5   41.2   55.2   74.8      74.8    43.9       0         0        0
00:08:40 00:00:00   49.7    50.5   50.5   41.8   55.1   74.8      74.5    45.5       0         0        0
00:08:45 00:00:05   50.6    51.6   51.6   42.4   54.9   75.6      75.6    53.1       0         0        0
00:08:50 00:00:00   50.6    50.6   49.4   31.3   54.9   75.6      75.5    45.5       0         0        0
00:08:55 00:00:05   50.6    49.7   49.7   40.5   54.5   73.6      73.6    46.2       0         0        0
00:09:00 00:00:00   50.6    50.1   50.5   41.4   54.8   74.0      74.0    52.0       0         0        0
00:09:05 00:00:05   50.2    50.4   50.5   43.0   54.5   73.7      73.7    52.3       0         0        0
00:09:10 00:00:00   50.2    51.6   52.5   44.4   57.0   74.1      74.1    50.0       0         0        0
00:09:15 00:00:05   51.6    52.1   52.1   43.9   55.8   74.3      74.3    53.6       0         0        0
00:09:20 00:00:00   51.6    52.1   52.1   44.5   55.9   74.4      74.4    49.7       0         0        0
00:09:25 00:00:05   52.1    51.9   51.8   43.8   55.9   74.3      74.3    48.9       0         0        0
00:09:30 00:00:00   52.1    52.3   52.6   44.5   55.8   74.9      74.9    55.8       0         0        0
00:09:35 00:00:05   52.3    51.7   51.8   43.4   55.7   74.3      74.3    45.0       0         0        0
00:09:40 00:00:00   52.3    51.6   51.4   43.9   54.3   74.3      73.2    51.8       0         0        0
00:09:45 00:00:05   51.5    50.8   50.8   44.1   54.2   75.4      75.4    52.9       0         0        0
00:09:50 00:00:00   51.5    50.8   50.9   43.9   54.6   75.4      75.0    49.2       0         0        0
00:09:55 00:00:05   50.9    44.4   44.8   31.8   53.3   73.5      73.5    31.9       0         0        1
00:10:00 00:00:00   50.9    44.1   43.8   30.5   52.7   73.5      70.2    45.0       0         0        0
00:10:05 00:00:05   44.3    49.6   49.6   41.8   53.3   74.6      74.6    52.1       0         0        0
00:10:10 00:00:00   44.3    50.0   50.4   41.6   55.6   75.2      75.2    48.8       0         0        0
00:10:15 00:00:05   50.0    49.3   49.3   41.9   52.8   75.2      75.2    47.8       0         0        0
00:10:20 00:00:00   50.0    50.8   51.9   42.1   57.9   75.7      75.7    52.9       0         0        0
00:10:25 00:00:05   50.9    52.7   52.8   43.5   58.3   74.6      74.6    52.0       0         0        0
00:10:30 00:00:00   50.9    52.5   52.3   45.6   57.7   74.7      74.7    52.3       0         0        0
00:10:35 00:00:05   52.5    53.1   53.1   43.8   56.7   76.3      76.3    49.2       0         0        0
00:10:40 00:00:00   52.5    53.9   54.5   42.7   59.2   76.3      75.9    56.6       0         0        0
00:10:45 00:00:05   53.9    54.3   54.3   46.5   58.3   75.3      75.3    52.4       0         0        0
00:10:50 00:00:00   53.9    54.3   54.3   43.2   59.5   75.3      74.0    53.5       0         0        0
00:10:55 00:00:05   54.3    55.2   55.2   47.9   59.3   75.9      75.9    54.2       0         0        0
00:11:00 00:00:00   54.3    55.1   55.1   45.5   59.8   75.9      75.0    53.4       0         0        0
00:11:05 00:00:05   55.1    53.7   53.7   43.3   58.1   73.9      73.9    54.7       0         0        0
00:11:10 00:00:00   55.1    53.6   53.5   46.9   57.0   74.0      74.0    55.7       0         0        0
00:11:15 00:00:05   53.6    54.2   54.2   44.5   57.5   74.8      74.8    50.9       0         0        0
00:11:20 00:00:00   53.6    54.2   54.3   46.1   57.8   74.8      73.1    54.7       0         0        0
00:11:25 00:00:05   54.2    54.4   54.4   48.2   57.3   74.9      74.9    54.3       0         0        0
00:11:30 00:00:00   54.2    53.6   52.6   44.6   57.7   74.9      74.0    56.5       0         0        0
00:11:35 00:00:05   53.6    53.2   53.3   46.8   57.2   76.2      76.2    48.7       0         0        0
00:11:40 00:00:00   53.6    52.8   52.4   45.8   57.4   76.2      73.9    49.9       0         0        0
00:11:45 00:00:05   52.8    53.8   53.8   47.7   57.2   74.4      74.4    56.2       0         0        0
00:11:50 00:00:00   52.8    53.9   53.9   49.6   57.6   74.4      73.2    57.5       0         0        0
00:11:55 00:00:05   53.9    52.4   52.4   45.7   57.4   73.2      73.2    52.9       0         0        0
00:12:00 00:00:00   53.9    53.0   53.6   47.2   57.2   73.5      73.5    52.8       0         0        0
00:12:05 00:00:05   53.0    54.7   54.7   46.6   57.4   73.6      73.6    53.9       0         0        0
00:12:10 00:00:00   53.0    55.1   55.5   48.5   58.6   75.5      75.5    55.0       0         0        0
00:12:15 00:00:05   55.1    53.7   53.7   38.3   57.9   72.8      72.8    52.6       0         0        0
00:12:20 00:00:00   55.1    54.1   54.5   45.9   58.3   73.6      73.6    52.2       0         0        0
00:12:25 00:00:05   54.1    55.1   55.1   47.8   61.0   75.2      75.2    53.3       0         0        0
00:12:30 00:00:00   54.1    54.7   54.1   46.9   57.8   75.2      73.9    52.8       0         0        0
00:12:35 00:00:05   54.6    55.1   55.1   44.6   58.9   73.8      73.8    56.2       0         0        0
00:12:40 00:00:00   54.6    55.1   55.1   48.7   59.5   73.8      73.2    52.3       0         0        0
00:12:45 00:00:05   55.2    54.2   54.3   45.8   58.3   73.8      73.8    46.7       0         0        0
00:12:50 00:00:00   55.2    54.4   54.5   45.3   57.9   73.8      73.8    53.0       0         0        0
00:12:55 00:00:05   54.4    55.1   55.1   46.9   57.5   73.6      73.6    54.1       0         0        0
00:13:00 00:00:00   54.4    55.4   55.7   48.4   59.7   74.6      74.6    56.7       0         0        0
00:13:05 00:00:05   55.4    55.2   55.2   49.0   58.0   73.8      73.8    55.3       0         0        0
00:13:10 00:00:00   55.4    55.4   55.6   46.7   59.2   74.0      74.0    57.4       0         0        0
00:13:15 00:00:05   55.4    55.7   55.7   47.2   59.9   74.5      74.5    56.6       0         0        0
00:13:20 00:00:00   55.4    55.3   54.8   48.1   58.3   74.6      74.6    56.7       0         0        0
00:13:25 00:00:05   55.3    55.4   55.4   45.5   60.2   74.1      74.1    53.7       0         0        0
00:13:30 00:00:00   55.3    55.3   55.2   49.3   60.8   74.6      74.6    54.5       0         0        0
00:13:35 00:00:05   55.3    56.0   56.1   49.7   59.5   75.4      75.4    55.3       0         0        0
00:13:40 00:00:00   55.3    55.5   55.0   49.1   57.4   75.4      75.0    56.4       0         0        0
00:13:45 00:00:05   55.5    55.7   55.7   49.5   59.3   73.4      73.4    54.9       0         0        0
00:13:50 00:00:00   55.5    55.5   55.4   50.4   59.7   74.2      74.2    53.0       0         0        0
00:13:55 00:00:05   55.5    56.0   56.0   50.9   60.0   73.9      73.9    51.8       0         0        0
00:14:00 00:00:00   55.5    55.5   54.9   40.5   60.5   74.0      74.0    57.1       0         0        0
00:14:05 00:00:05   55.5    51.6   51.7   40.8   57.2   73.9      73.9    55.9       0         0        0
00:14:10 00:00:00   55.5    51.4   51.1   40.9   56.6   74.1      74.1    46.2       0         0        0
00:14:15 00:00:05   51.4    54.8   54.7   40.8   59.0   74.0      74.0    49.3       0         0        0
00:14:20 00:00:00   51.4    54.2   53.5   41.9   57.6   74.0      73.7    50.4       0         0        0
00:14:25 00:00:05   54.2    52.0   51.9   39.9   56.9   74.6      74.6    54.1       0         0        0
00:14:30 00:00:00   54.2    52.7   53.3   42.1   56.7   74.6      74.2    54.6       0         0        0
00:14:35 00:00:05   52.7    53.7   53.7   48.6   57.2   74.3      74.3    52.6       0         0        0
00:14:40 00:00:00   52.7    52.0   49.2   42.4   53.4   74.3      69.4    45.8       0         0        0
00:14:45 00:00:05   52.0    42.6   42.6   37.1   47.4   64.8      64.8    37.9       0         0        0
00:14:50 00:00:00   52.0    40.2   34.8   30.8   38.5   64.8      56.0    30.9       0         0        1
00:14:55 00:00:05   40.2    30.9   30.9   30.6   31.7   57.9      57.9    30.7       0         0        1
00:15:00 00:00:00   40.2    31.3   31.6   30.5   33.0   57.9      55.0    32.7       0         0        1
00:15:05 00:00:05   31.3    32.0   32.0   31.0   34.1   53.2      53.2    31.5       0         0        1
00:15:10 00:00:00   31.3    32.1   32.1   30.8   33.6   55.5      55.5    33.1       0         0        1
00:15:15 00:00:05   32.1    32.0   32.0   31.0   33.9   51.6      51.6    31.3       0         0        1
00:15:20 00:00:00   32.1    39.0   41.5   30.7   50.7   73.2      73.2    45.0       0         0        0
00:15:25 00:00:05   39.0    44.2   44.1   36.3   50.4   72.7      72.7    38.8       0         0        0
00:15:30 00:00:00   39.0    44.0   43.8   34.9   50.2   73.5      73.5    42.2       0         0        0
00:15:35 00:00:05   44.0    44.4   44.4   35.2   51.0   72.2      72.2    48.5       0         0        0
00:15:40 00:00:00   44.0    45.0   45.5   36.6   54.9   74.5      74.5    44.6       0         0        0
00:15:45 00:00:05   45.0    50.8   50.8   37.6   63.9   90.0      90.0    40.2       0         0        0
00:15:50 00:00:00   45.0    48.7   44.3   37.5   49.9   90.0      74.2    41.2       0         0        0
00:15:55 00:00:05   48.7    45.1   45.0   38.8   50.2   73.9      73.9    43.6       0         0        0
00:16:00 00:00:00   48.7    45.1   45.2   38.0   50.1   73.9      73.7    46.9       0         0        0
