Time     ActTimer PreLEQ LEQ[dB] LEQ_dt MIN_dt MAX_dt LcPeak LcPeak_dt SPL_Act OVER_dt OVER_Hold UNDER_dt
00:00:05 00:00:10    0.0    58.4   58.4   50.5   62.9   84.6      84.6    55.2       0         0        0
00:00:10 00:00:05    0.0    59.0   59.6   54.9   63.1   84.6      81.8    56.1       0         0        0
00:00:15 00:00:00    0.0    59.3   59.8   51.6   67.1   93.2      93.2    60.9       0         0        0
00:00:20 00:00:10   59.3    60.7   60.7   53.7   64.7   82.3      82.3    59.5       0         0        0
00:00:25 00:00:05   59.3    61.1   61.4   58.4   65.5   82.3      80.5    58.6       0         0        0
00:00:30 00:00:00   59.3    61.1   61.2   55.8   64.9   82.3      80.4    63.9       0         0        0
00:00:35 00:00:10   61.1    62.1   62.2   58.0   65.6   81.6      81.6    63.1       0         0        0
00:00:40 00:00:05   61.1    61.2   60.0   53.0   64.0   81.8      81.8    58.1       0         0        0
00:00:45 00:00:00   61.1    61.0   60.6   51.4   65.6   81.8      81.6    64.6       0         0        0
00:00:50 00:00:10   61.0    61.2   61.2   55.5   66.4   81.0      81.0    56.1       0         0        0
00:00:55 00:00:05   61.0    60.8   60.3   52.0   67.0   82.3      82.3    61.2       0         0        0
00:01:00 00:00:00   61.0    61.3   62.1   56.5   66.5   82.3      81.7    59.9       0         0        0
00:01:05 00:00:10   61.3    60.5   60.5   54.1   65.0   82.0      82.0    57.8       0         0        0
00:01:10 00:00:05   61.3    59.3   57.7   49.7   60.3   82.0      79.7    58.7       0         0        0
00:01:15 00:00:00   61.3    59.1   58.8   49.8   61.7   82.0      80.4    54.5       0         0        0
00:01:20 00:00:10   59.2    59.7   59.7   55.5   61.8   80.7      80.7    61.1       0         0        0
00:01:25 00:00:05   59.2    59.3   58.9   55.4   60.9   82.4      82.4    57.5       0         0        0
00:01:30 00:00:00   59.2    59.6   60.1   51.0   64.2   82.4      81.6    54.9       0         0        0
00:01:35 00:00:10   59.6    60.6   60.5   49.8   65.6   81.3      81.3    55.6       0         0        0
00:01:40 00:00:05   59.6    60.4   60.2   52.4   64.2   82.2      82.2    52.7       0         0        0
00:01:45 00:00:00   59.6    60.7   61.2   51.6   65.6   82.2      80.9    65.1       0         0        0
00:01:50 00:00:10   60.7    61.7   61.7   57.7   65.1   80.1      80.1    63.5       0         0        0
00:01:55 00:00:05   60.7    60.6   59.1   49.3   67.0   82.0      82.0    56.4       0         0        0
00:02:00 00:00:00   60.7    60.1   58.9   55.9   60.7   82.0      79.2    59.9       0         0        0
00:02:05 00:00:10   60.1    59.6   59.7   55.1   61.5   80.4      80.4    58.8       0         0        0
00:02:10 00:00:05   60.1    59.9   60.2   54.6   62.7   80.4      80.0    62.0       0         0        0
00:02:15 00:00:00   60.1    60.6   61.7   59.1   63.8   80.4      80.0    59.7       0         0        0
00:02:20 00:00:10   60.6    61.8   61.8   58.2   64.5   80.5      80.5    61.6       0         0        0
00:02:25 00:00:05   60.6    62.0   62.2   59.5   63.9   81.7      81.7    62.0       0         0        0
00:02:30 00:00:00   60.6    62.6   63.6   59.4   66.2   81.7      81.1    63.1       0         0        0
00:02:35 00:00:10   62.6    62.1   62.1   59.6   64.1   80.6      80.6    62.5       0         0        0
00:02:40 00:00:05   62.6    61.5   60.9   52.3   66.0   81.5      81.5    52.6       0         0        0
00:02:45 00:00:00   62.6    61.7   62.2   52.0   64.8   81.6      81.6    59.4       0         0        0
00:02:50 00:00:10   61.7    60.8   60.8   52.3   64.8   81.4      81.4    54.9       0         0        0
00:02:55 00:00:05   61.7    61.3   61.7   52.0   65.0   81.4      81.2    64.8       0         0        0
00:03:00 00:00:00   61.7    61.9   63.0   59.1   66.0   81.6      81.6    59.1       0         0        0
00:03:05 00:00:10   61.9    58.0   58.0   37.0   62.3   80.8      80.8    53.2       0         0        0
00:03:10 00:00:05   61.9    60.7   62.3   52.1   66.5   81.4      81.4    61.3       0         0        0
00:03:15 00:00:00   61.9    59.9   57.8   31.2   65.1   81.4      79.8    50.2       0         0        0
00:03:20 00:00:10   59.9    53.6   53.6   48.0   58.0   81.3      81.3    56.0       0         0        0
00:03:25 00:00:05   59.9    54.6   55.4   50.2   59.7   81.3      80.4    53.2       0         0        0
00:03:30 00:00:00   59.9    54.1   53.0   45.6   56.8   81.3      75.9    50.2       0         0        0
00:03:35 00:00:10   54.1    55.2   55.1   50.2   57.8   76.5      76.5    57.1       0         0        0
00:03:40 00:00:05   54.1    54.4   53.4   46.9   58.5   76.5      76.2    50.4       0         0        0
00:03:45 00:00:00   54.1    54.0   53.0   47.7   58.5   77.1      77.1    52.0       0         0        0
00:03:50 00:00:10   54.0    54.2   54.2   50.0   57.3   76.1      76.1    53.0       0         0        0
00:03:55 00:00:05   54.0    55.1   55.8   51.4   59.0   76.9      76.9    54.1       0         0        0
00:04:00 00:00:00   54.0    54.9   54.4   49.9   57.8   76.9      75.1    51.1       0         0        0
00:04:05 00:00:10   54.9    54.2   54.2   50.3   57.5   75.5      75.5    56.6       0         0        0
00:04:10 00:00:05   54.9    54.9   55.5   51.3   58.6   76.8      76.8    56.7       0         0        0
00:04:15 00:00:00   54.9    55.9   57.3   52.9   60.1   77.6      77.6    57.7       0         0        0
00:04:20 00:00:10   55.9    55.8   55.9   50.1   59.6   75.2      75.2    58.1       0         0        0
00:04:25 00:00:05   55.9    56.0   56.1   52.2   58.9   76.3      76.3    58.9       0         0        0
00:04:30 00:00:00   55.9    56.4   57.1   53.4   60.0   77.2      77.2    57.1       0         0        0
00:04:35 00:00:10   56.4    56.9   56.8   52.4   61.8   75.0      75.0    59.7       0         0        0
00:04:40 00:00:05   56.4    57.3   57.6   52.6   61.3   78.8      78.8    56.4       0         0        0
00:04:45 00:00:15   57.3    57.3   57.4   51.8   61.5   65.8      65.8    57.5       0         0        0
00:04:50 00:00:10   57.3    57.5   57.5   52.9   61.4   79.5      79.5    56.8       0         0        0
00:04:55 00:00:05   57.3    55.8   53.0   49.7   57.5   79.5      78.3    52.5       0         0        0
00:05:00 00:00:00   57.3    55.7   55.3   51.5   59.5   79.5      78.6    58.4       0         0        0
00:05:05 00:00:10   55.7    56.2   56.3   52.5   59.8   79.7      79.7    53.0       0         0        0
00:05:10 00:00:05   55.7    57.0   57.7   51.6   61.4   80.8      80.8    56.8       0         0        0
00:05:15 00:00:00   55.7    56.7   55.9   52.4   58.9   80.8      78.8    52.6       0         0        0
00:05:20 00:00:10   56.7    56.3   56.3   52.4   60.4   79.5      79.5    54.7       0         0        0
00:05:25 00:00:05   56.7    56.8   57.3   52.6   61.4   81.9      81.9    52.9       0         0        0
00:05:30 00:00:00   56.7    56.7   56.4   52.3   59.7   81.9      80.5    58.4       0         0        0
00:05:35 00:00:10   56.7    57.6   57.5   53.3   59.5   81.3      81.3    55.5       0         0        0
00:05:40 00:00:05   56.7    57.5   57.5   54.8   59.7   81.5      81.5    55.7       0         0        0
00:05:45 00:00:00   56.7    57.2   56.3   51.6   60.1   81.5      80.5    58.5       0         0        0
00:05:50 00:00:10   57.2    56.4   56.4   51.6   59.2   80.8      80.8    56.1       0         0        0
00:05:55 00:00:05   57.2    56.5   56.6   53.2   59.8   80.8      80.2    57.3       0         0        0
00:06:00 00:00:00   57.2    56.3   56.0   51.0   59.6   80.8      79.8    56.7       0         0        0
00:06:05 00:00:10   56.4    58.5   58.5   55.2   61.3   80.1      80.1    57.9       0         0        0
00:06:10 00:00:05   56.4    58.2   57.9   53.6   61.0   80.1      79.6    57.4       0         0        0
00:06:15 00:00:00   56.4    58.3   58.5   54.9   62.0   80.1      79.9    54.9       0         0        0
00:06:20 00:00:10   58.3    57.6   57.6   54.1   59.9   79.1      79.1    57.9       0         0        0
00:06:25 00:00:05   58.3    56.5   55.1   43.7   60.2   80.6      80.6    49.0       0         0        0
00:06:30 00:00:00   58.3    55.0   47.5   43.4   51.0   80.6      72.2    44.8       0         0        0
00:06:35 00:00:10   55.0    39.6   39.7   31.8   46.0   66.3      66.3    31.8       0         0        1
00:06:40 00:00:05   55.0    44.0   46.1   31.3   53.8   66.5      66.5    52.9       0         0        0
00:06:45 00:00:00   55.0    49.4   53.3   51.4   56.1   73.8      73.8    55.9       0         0        0
00:06:50 00:00:10   49.5    63.5   63.5   55.3   65.4   86.1      86.1    64.4       0         0        0
00:06:55 00:00:05   49.5    64.1   64.7   63.0   66.2   86.1      86.0    64.8       0         0        0
00:07:00 00:00:00   49.5    64.2   64.4   63.5   65.3   86.1      84.2    63.5       0         0        0
00:07:05 00:00:10   64.2    64.8   64.8   61.9   66.0   85.5      85.5    61.9       0         0        0
00:07:10 00:00:05   64.2    63.4   61.2   57.2   64.7   85.5      83.9    59.2       0         0        0
00:07:15 00:00:00   64.2    62.8   61.5   56.8   66.1   85.5      84.3    63.3       0         0        0
00:07:20 00:00:10   62.8    62.3   62.3   58.8   65.9   84.5      84.5    61.2       0         0        0
00:07:25 00:00:05   62.8    63.2   64.0   58.1   65.7   85.0      85.0    65.3       0         0        0
00:07:30 00:00:00   62.8    63.9   65.0   63.4   67.4   85.7      85.7    63.8       0         0        0
00:07:35 00:00:10   63.9    64.5   64.4   62.5   66.6   85.8      85.8    63.3       0         0        0
00:07:40 00:00:05   63.9    65.0   65.5   63.3   67.0   86.6      86.6    65.7       0         0        0
00:07:45 00:00:00   63.9    65.5   66.2   63.9   67.8   86.6      85.7    67.0       0         0        0
00:07:50 00:00:10   65.5    66.1   66.1   64.3   68.2   85.5      85.5    66.9       0         0        0
00:07:55 00:00:05   65.5    66.2   66.4   64.7   68.2   85.7      85.7    65.4       0         0        0
00:08:00 00:00:00   65.5    65.0   60.2   55.8   66.3   85.7      84.7    57.4       0         0        0
00:08:05 00:00:10   65.0    60.1   60.1   56.0   63.2   84.5      84.5    60.7       0         0        0
00:08:10 00:00:05   65.0    61.0   61.7   57.0   66.5   84.5      84.1    62.6       0         0        0
00:08:15 00:00:00   65.0    61.2   61.7   57.1   63.7   84.5      84.2    62.7       0         0        0
00:08:20 00:00:10   61.2    62.2   62.2   58.7   64.9   83.8      83.8    64.8       0         0        0
00:08:25 00:00:05   61.2    63.5   64.4   62.1   66.0   85.1      85.1    65.7       0         0        0
00:08:30 00:00:00   61.2    63.8   64.2   61.3   66.6   85.1      85.1    62.7       0         0        0
00:08:35 00:00:10   63.8    64.8   64.8   61.4   66.7   86.8      86.8    64.8       0         0        0
00:08:40 00:00:05   63.8    65.2   65.6   64.2   67.4   86.8      85.9    65.4       0         0        0
00:08:45 00:00:00   63.8    65.6   66.3   63.8   67.8   86.8      85.7    66.0       0         0        0
00:08:50 00:00:10   65.6    66.2   66.2   64.4   68.0   85.1      85.1    65.8       0         0        0
00:08:55 00:00:05   65.6    66.2   66.2   63.4   68.5   85.8      85.8    63.4       0         0        0
00:09:00 00:00:00   65.6    65.4   63.2   55.6   65.3   85.8      85.8    63.6       0         0        0
00:09:05 00:00:10   65.4    64.5   64.5   57.8   66.9   85.9      85.9    65.9       0         0        0
00:09:10 00:00:05   65.4    65.0   65.3   63.3   67.0   85.9      84.8    65.1       0         0        0
00:09:15 00:00:00   65.4    65.0   65.2   63.4   67.8   85.9      84.9    64.8       0         0        0
00:09:20 00:00:10   65.0    65.4   65.4   63.2   67.4   86.1      86.1    65.5       0         0        0
00:09:25 00:00:05   65.0    65.7   66.0   64.4   67.5   86.1      85.9    67.0       0         0        0
00:09:30 00:00:00   65.0    65.9   66.0   64.0   67.6   86.1      85.0    65.8       0         0        0
00:09:35 00:00:10   65.8    66.5   66.5   64.5   68.8   85.8      85.8    68.1       0         0        0
00:09:40 00:00:05   65.8    65.8   64.9   57.0   68.0   85.8      85.2    61.1       0         0        0
00:09:45 00:00:00   65.8    65.7   65.6   59.8   67.1   86.9      86.9    65.8       0         0        0
00:09:50 00:00:10   65.7    65.2   65.2   63.0   67.1   86.6      86.6    64.4       0         0        0
00:09:55 00:00:05   65.7    64.1   62.5   31.4   67.0   86.6      86.3    37.5       0         0        0
00:10:00 00:00:00   65.7    62.7   56.4   40.5   59.5   86.6      77.8    54.1       0         0        0
00:10:05 00:00:10   62.6    56.5   56.5   53.0   58.3   77.8      77.8    57.8       0         0        0
00:10:10 00:00:05   62.6    56.4   56.4   52.8   58.3   78.7      78.7    54.4       0         0        0
00:10:15 00:00:00   62.6    58.3   60.6   54.2   63.7   80.2      80.2    59.8       0         0        0
00:10:20 00:00:10   58.3    60.5   60.5   54.2   63.6   79.6      79.6    55.4       0         0        0
00:10:25 00:00:05   58.3    60.2   60.0   54.2   63.6   79.6      79.5    60.7       0         0        0
00:10:30 00:00:00   58.3    60.2   60.3   54.9   62.5   79.6      78.7    57.3       0         0        0
00:10:35 00:00:10   60.2    59.4   59.4   53.4   62.4   78.9      78.9    61.9       0         0        0
00:10:40 00:00:05   60.2    59.9   60.3   57.1   62.5   79.1      79.1    58.1       0         0        0
00:10:45 00:00:00   60.2    59.6   58.9   54.1   64.2   79.3      79.3    58.5       0         0        0
00:10:50 00:00:10   59.6    59.7   59.7   56.4   63.2   78.3      78.3    57.2       0         0        0
00:10:55 00:00:05   59.6    62.7   64.5   54.8   68.4   86.8      86.8    66.2       0         0        0
00:11:00 00:00:00   59.6    64.0   65.8   62.8   67.7   87.2      87.2    65.7       0         0        0
00:11:05 00:00:10   64.0    65.9   66.0   63.5   67.8   87.1      87.1    66.9       0         0        0
00:11:10 00:00:05   64.0    66.1   66.2   63.1   68.7   87.4      87.4    66.8       0         0        0
00:11:15 00:00:00   64.0    65.8   65.3   61.6   69.3   87.4      87.1    62.2       0         0        0
00:11:20 00:00:10   65.8    62.6   62.6   58.2   64.6   85.4      85.4    64.2       0         0        0
00:11:25 00:00:05   65.8    62.3   62.1   55.1   66.2   86.9      86.9    63.8       0         0        0
00:11:30 00:00:00   65.8    62.4   62.4   57.2   64.5   86.9      86.6    64.1       0         0        0
00:11:35 00:00:10   62.4    62.6   62.6   54.8   65.5   87.1      87.1    64.4       0         0        0
00:11:40 00:00:05   62.4    62.6   62.5   59.0   66.1   87.1      87.1    60.8       0         0        0
00:11:45 00:00:00   62.4    62.7   63.0   55.7   67.3   87.1      87.0    67.2       0         0        0
00:11:50 00:00:10   62.7    63.2   63.2   58.8   67.1   87.0      87.0    64.9       0         0        0
00:11:55 00:00:05   62.7    63.9   64.4   58.9   67.3   88.0      88.0    66.2       0         0        0
00:12:00 00:00:00   62.7    65.1   66.8   63.7   68.5   88.0      87.9    65.2       0         0        0
00:12:05 00:00:10   65.1    66.3   66.2   62.3   68.0   87.3      87.3    65.0       0         0        0
00:12:10 00:00:05   65.1    66.4   66.5   63.8   69.0   87.8      87.8    65.4       0         0        0
00:12:15 00:00:00   65.1    66.6   66.9   63.3   69.0   87.8      87.1    64.5       0         0        0
00:12:20 00:00:10   66.6    62.5   62.6   58.6   66.6   87.6      87.6    59.2       0         0        0
00:12:25 00:00:05   66.6    61.5   60.1   57.2   61.6   87.6      79.9    60.4       0         0        0
00:12:30 00:00:00   66.6    61.1   60.2   58.4   61.5   87.6      79.1    60.1       0         0        0
00:12:35 00:00:10   61.1    59.4   59.5   56.9   61.5   82.2      82.2    60.2       0         0        0
00:12:40 00:00:05   61.1    60.6   61.5   58.7   65.0   89.8      89.8    63.8       0         0        0
00:12:45 00:00:00   61.1    63.1   65.8   63.4   67.8   89.8      88.5    63.4       0         0        0
00:12:50 00:00:10   63.1    64.6   64.6   62.6   66.0   87.0      87.0    63.9       0         0        0
00:12:55 00:00:05   63.1    64.8   65.1   63.7   66.8   89.5      89.5    64.1       0         0        0
00:13:00 00:00:00   63.1    64.7   64.5   62.5   66.2   89.5      86.5    63.9       0         0        0
00:13:05 00:00:10   64.7    64.4   64.4   60.7   66.9   87.5      87.5    61.2       0         0        0
00:13:10 00:00:05   64.7    63.7   62.8   59.4   64.6   87.5      86.2    63.1       0         0        0
00:13:15 00:00:00   64.7    63.5   63.2   55.9   68.9   87.5      87.5    68.9       0         0        0
00:13:20 00:00:10   63.5    65.9   66.0   63.3   69.3   87.3      87.3    67.3       0         0        0
00:13:25 00:00:05   63.5    66.2   66.4   64.0   68.2   88.5      88.5    66.6       0         0        0
00:13:30 00:00:00   63.5    66.3   66.5   63.2   70.1   88.5      87.2    68.8       0         0        0
00:13:35 00:00:10   66.3    66.1   66.1   63.0   68.7   88.2      88.2    63.0       0         0        0
00:13:40 00:00:05   66.3    65.9   65.6   62.1   68.0   88.2      87.9    63.6       0         0        0
00:13:45 00:00:00   66.3    66.1   66.6   63.3   68.6   88.2      88.0    64.3       0         0        0
00:13:50 00:00:10   66.1    66.0   66.0   63.5   67.8   87.8      87.8    66.7       0         0        0
00:13:55 00:00:05   66.1    66.2   66.3   64.6   68.2   87.9      87.9    65.8       0         0        0
00:14:00 00:00:00   66.1    66.0   65.7   63.0   67.1   88.0      88.0    66.1       0         0        0
00:14:05 00:00:10   66.0    65.8   65.8   64.3   67.0   89.0      89.0    66.5       0         0        0
00:14:10 00:00:05   66.0    65.9   65.9   64.3   67.0   89.0      87.6    66.1       0         0        0
00:14:15 00:00:00   66.0    65.5   64.5   56.2   69.2   89.0      87.8    59.1       0         0        0
00:14:20 00:00:10   65.5    57.9   57.9   53.1   61.7   77.2      77.2    55.5       0         0        0
00:14:25 00:00:05   65.5    55.8   51.6   33.6   56.7   77.2      75.5    33.8       0         0        1
00:14:30 00:00:00   65.5    54.0   31.6   31.3   33.8   77.2      53.4    31.6       0         0        1
00:14:35 00:00:10   54.0    60.2   60.2   31.3   63.0   83.3      83.3    59.5       0         0        0
00:14:40 00:00:05   54.0    61.1   61.8   58.6   63.8   85.0      85.0    62.4       0         0        0
00:14:45 00:00:00   54.0    61.2   61.5   58.7   64.9   85.0      83.7    61.4       0         0        0
00:14:50 00:00:10   61.2    63.3   63.3   58.0   66.4   84.4      84.4    64.9       0         0        0
00:14:55 00:00:05   61.2    63.2   62.9   59.4   65.8   84.4      83.7    62.2       0         0        0
00:15:00 00:00:00   61.2    63.1   62.9   60.0   66.1   84.7      84.7    62.8       0         0        0
00:15:05 00:00:10   63.0    63.8   63.8   60.5   66.8   83.8      83.8    64.3       0         0        0
00:15:10 00:00:05   63.0    63.6   63.5   60.5   67.8   92.9      92.9    65.2       0         0        0
00:15:15 00:00:00   63.0    63.4   63.1   60.7   65.5   92.9      92.6    63.3       0         0        0
00:15:20 00:00:10   63.4    61.7   61.7   60.3   64.2   83.6      83.6    60.8       0         0        0
00:15:25 00:00:05   63.4    61.5   61.3   57.7   63.2   83.8      83.8    60.9       0         0        0
00:15:30 00:00:00   63.4    61.0   60.0   56.8   62.0   83.8      83.0    60.8       0         0        0
00:15:35 00:00:10   61.0    60.4   60.4   57.4   62.7   84.1      84.1    62.5       0         0        0
00:15:40 00:00:05   61.0    61.0   61.5   58.6   64.7   84.5      84.5    62.2       0         0        0
00:15:45 00:00:00   61.0    61.7   62.8   59.8   65.6   84.5      84.1    62.8       0         0        0
00:15:50 00:00:10   61.7    62.6   62.5   59.8   64.4   83.6      83.6    62.8       0         0        0
00:15:55 00:00:05   61.7    63.2   63.7   60.9   67.4   84.1      84.1    67.2       0         0        0
00:16:00 00:00:00   61.7    63.2   63.4   60.7   67.4   85.0      85.0    63.4       0         0        0
