Time     ActTimer PreLEQ LEQ[dB] LEQ_dt MIN_dt MAX_dt LcPeak LcPeak_dt SPL_Act OVER_dt OVER_Hold UNDER_dt
00:00:15 00:00:00   37.8    37.8   37.8   31.5   48.2   38.8      38.8    36.3       0         0        0
00:00:30 00:00:00   49.1    49.1   49.1   31.1   68.7   44.2      44.2    31.4       0         0        1
00:00:45 00:00:00   31.4    31.4   31.4   31.0   31.9   49.3      49.3    31.3       0         0        1
00:01:00 00:00:00   31.5    31.5   31.5   31.1   34.5   37.6      37.6    32.4       0         0        1
00:01:15 00:00:00   31.4    31.4   31.4   31.0   32.3   45.3      45.3    31.3       0         0        1
00:01:30 00:00:00   31.3    31.3   31.3   31.1   31.7   39.8      39.8    31.3       0         0        1
00:01:45 00:00:00   31.4    31.4   31.4   31.1   31.8   46.3      46.3    31.6       0         0        1
00:02:00 00:00:00   31.3    31.3   31.3   30.9   32.1   41.5      41.5    31.1       0         0        1
00:02:15 00:00:00   31.3    31.3   31.3   30.9   31.6   44.2      44.2    31.3       0         0        1
00:02:30 00:00:00   31.3    31.3   31.3   31.0   31.6   51.1      51.1    31.5       0         0        1
00:02:45 00:00:00   31.4    31.4   31.4   31.1   31.9   45.3      45.3    31.2       0         0        1
00:03:00 00:00:00   31.6    31.6   31.6   30.9   38.6   54.3      54.3    31.2       0         0        1
00:03:15 00:00:00   31.3    31.3   31.3   30.9   32.3   52.8      52.8    31.2       0         0        1
00:03:30 00:00:00   31.4    31.4   31.4   31.0   31.7   42.3      42.3    31.5       0         0        1
00:03:45 00:00:00   31.4    31.4   31.4   31.1   32.0   44.2      44.2    31.2       0         0        1
00:04:00 00:00:00   31.5    31.5   31.5   31.1   31.8   36.3      36.3    31.3       0         0        1
00:04:15 00:00:00   31.5    31.5   31.5   31.1   31.9   51.8      51.8    31.2       0         0        1
00:04:30 00:00:00   31.3    31.3   31.3   31.0   31.8   49.3      49.3    31.2       0         0        1
00:04:45 00:00:00   31.3    31.3   31.3   30.9   31.6   45.3      45.3    31.4       0         0        1
00:05:00 00:00:00   31.4    31.4   31.4   31.1   31.8   48.7      48.7    31.6       0         0        1
00:05:15 00:00:00   31.4    31.4   31.4   31.1   31.7   36.3      36.3    31.4       0         0        1
00:05:30 00:00:00   31.3    31.3   31.3   31.0   31.9   45.3      45.3    31.4       0         0        1
00:05:45 00:00:00   31.3    31.3   31.3   31.0   31.7   48.7      48.7    31.5       0         0        1
00:06:00 00:00:00   31.3    31.3   31.3   31.0   31.7   44.2      44.2    31.4       0         0        1
00:06:15 00:00:00   31.3    31.3   31.3   31.0   31.7   44.8      44.8    31.2       0         0        1
00:06:30 00:00:00   31.3    31.3   31.3   31.0   31.6   43.0      43.0    31.6       0         0        1
00:06:45 00:00:00   31.4    31.4   31.4   31.0   31.8   47.9      47.9    31.5       0         0        1
00:07:00 00:00:00   31.4    31.4   31.4   31.0   31.7   44.8      44.8    31.2       0         0        1
00:07:15 00:00:00   31.3    31.3   31.3   31.0   31.7   46.3      46.3    31.3       0         0        1
00:07:30 00:00:00   31.2    31.2   31.2   30.9   31.7   43.0      43.0    31.3       0         0        1
00:07:45 00:00:00   31.3    31.3   31.3   31.0   31.8   34.7      34.7    31.3       0         0        1
00:08:00 00:00:00   31.3    31.3   31.3   31.0   31.7   45.3      45.3    31.2       0         0        1
00:08:15 00:00:00   31.3    31.3   31.3   31.0   31.6   40.7      40.7    31.6       0         0        1
00:08:30 00:00:00   31.5    31.5   31.5   31.1   32.3   52.3      52.3    31.8       0         0        1
00:08:45 00:00:00   31.5    31.5   31.5   31.0   32.8   46.7      46.7    31.5       0         0        1
00:09:00 00:00:00   31.5    32.0   32.0   31.2   39.0   66.3      66.3    33.2       0         0        1
00:09:15 00:00:00   32.0    31.5   31.5   31.1   33.1   58.2      58.2    32.2       0         0        1
00:09:30 00:00:00   31.5    31.5   31.5   31.0   32.3   58.3      58.3    31.2       0         0        1
00:09:45 00:00:00   31.5    31.4   31.4   31.0   32.0   59.1      59.1    31.3       0         0        1
00:10:00 00:00:00   31.4    31.5   31.5   31.1   32.1   58.4      58.4    31.5       0         0        1
00:10:15 00:00:00   31.5    31.5   31.5   31.0   32.5   58.9      58.9    31.3       0         0        1
00:10:30 00:00:00   31.5    32.6   32.6   31.1   44.6   66.5      66.5    31.3       0         0        1
00:10:45 00:00:00   32.6    32.4   32.4   31.2   39.8   68.2      68.2    31.7       0         0        1
00:11:00 00:00:00   32.4    31.8   31.8   31.3   33.5   61.9      61.9    31.4       0         0        1
00:11:15 00:00:00   31.8    31.5   31.5   31.0   33.0   58.0      58.0    31.5       0         0        1
00:11:30 00:00:00   31.5    31.6   31.6   31.1   32.6   58.8      58.8    31.7       0         0        1
00:11:45 00:00:00   31.6    31.6   31.6   31.1   32.4   59.9      59.9    31.6       0         0        1
00:12:00 00:00:00   31.6    31.8   31.8   31.2   32.6   59.8      59.8    31.8       0         0        1
00:12:15 00:00:00   31.8    31.6   31.6   31.1   33.8   58.2      58.2    31.6       0         0        1
00:12:30 00:00:00   31.6    31.7   31.8   31.1   38.8   59.7      59.7    31.4       0         0        1
00:12:45 00:00:00   31.7    31.6   31.6   31.0   34.3   59.3      59.3    31.4       0         0        1
00:13:00 00:00:00   31.6    31.5   31.5   31.0   32.4   58.8      58.8    31.3       0         0        1
00:13:15 00:00:00   31.5    31.6   31.6   31.1   32.6   58.8      58.8    31.2       0         0        1
00:13:30 00:00:00   31.6    31.3   31.3   30.9   31.8   57.2      57.2    31.4       0         0        1
00:13:45 00:00:00   31.3    31.4   31.4   31.0   32.5   57.6      57.6    31.6       0         0        1
00:14:00 00:00:00   31.4    31.5   31.5   31.1   32.8   59.4      59.4    31.6       0         0        1
00:14:15 00:00:00   31.5    31.3   31.3   31.0   31.8   59.7      59.7    31.5       0         0        1
00:14:30 00:00:00   31.3    31.5   31.5   31.1   33.9   58.9      58.9    31.4       0         0        1
00:14:45 00:00:00   31.5    31.5   31.5   31.0   32.2   59.5      59.5    31.5       0         0        1
00:15:00 00:00:00   31.5    31.4   31.4   31.1   32.0   57.6      57.6    31.2       0         0        1
00:15:15 00:00:00   31.4    31.4   31.4   31.1   32.0   58.3      58.3    32.0       0         0        1
00:15:30 00:00:00   31.4    31.4   31.4   31.0   32.1   58.4      58.4    31.0       0         0        1
00:15:45 00:00:00   31.4    31.3   31.3   31.0   32.1   57.7      57.7    31.5       0         0        1
00:16:00 00:00:00   31.3    31.5   31.5   31.0   32.4   59.3      59.3    31.3       0         0        1
