Time     ActTimer PreLEQ LEQ[dB] LEQ_dt MIN_dt MAX_dt LcPeak LcPeak_dt SPL_Act OVER_dt OVER_Hold UNDER_dt
00:00:15 00:00:00   37.2    37.2   37.2   31.0   44.8   44.2      44.2    37.3       0         0        0
00:00:30 00:00:00   38.4    38.4   38.4   30.8   54.4   47.6      47.6    31.5       0         0        1
00:00:45 00:00:00   38.4    33.0   33.0   30.7   45.3   67.3      67.3    31.7       0         0        1
00:01:00 00:00:00   33.0    31.1   31.1   30.7   31.7   59.3      59.3    31.0       0         0        1
00:01:15 00:00:00   31.1    31.1   31.1   30.8   31.6   59.3      59.3    31.0       0         0        1
00:01:30 00:00:00   31.1    31.1   31.1   30.8   31.5   59.5      59.5    31.1       0         0        1
00:01:45 00:00:00   31.1    31.1   31.1   30.8   31.9   58.1      58.1    31.3       0         0        1
00:02:00 00:00:00   31.2    31.2   31.2   30.8   32.2   40.7      40.7    31.3       0         0        1
00:02:15 00:00:00   31.3    31.3   31.3   30.8   32.6   44.8      44.8    31.1       0         0        1
00:02:30 00:00:00   31.1    31.1   31.1   30.8   32.0   49.0      49.0    31.0       0         0        1
00:02:45 00:00:00   31.1    31.0   31.0   30.7   31.3   59.4      59.4    30.9       0         0        1
00:03:00 00:00:00   31.0    31.1   31.1   30.8   31.6   58.7      58.7    31.3       0         0        1
00:03:15 00:00:00   31.1    31.1   31.1   30.8   31.5   57.2      57.2    31.2       0         0        1
00:03:30 00:00:00   31.1    31.1   31.1   30.8   31.5   60.1      60.1    31.3       0         0        1
00:03:45 00:00:00   31.1    31.2   31.2   30.9   31.7   59.9      59.9    31.2       0         0        1
00:04:00 00:00:00   31.1    31.1   31.1   30.7   31.7   43.6      43.6    31.1       0         0        1
00:04:15 00:00:00   31.1    31.1   31.1   30.7   32.5   38.8      38.8    31.8       0         0        1
00:04:30 00:00:00   31.2    31.2   31.2   30.8   32.3   47.6      47.6    31.2       0         0        1
00:04:45 00:00:00   31.2    31.2   31.2   30.9   31.8   58.7      58.7    30.9       0         0        1
00:05:00 00:00:00   31.2    31.2   31.2   30.8   32.4   59.2      59.2    31.4       0         0        1
00:05:15 00:00:00   31.2    31.2   31.2   30.8   32.5   59.2      59.2    31.0       0         0        1
00:05:30 00:00:00   31.2    31.2   31.2   30.8   31.7   57.6      57.6    31.3       0         0        1
00:05:45 00:00:00   31.2    31.0   31.0   30.7   31.6   59.1      59.1    30.9       0         0        1
00:06:00 00:00:00   31.1    31.1   31.1   30.7   31.9   47.9      47.9    31.1       0         0        1
00:06:15 00:00:00   31.0    31.0   31.0   30.7   31.6   42.3      42.3    31.5       0         0        1
00:06:30 00:00:00   31.2    31.2   31.2   30.8   31.7   47.6      47.6    31.0       0         0        1
00:06:45 00:00:00   31.2    31.3   31.3   30.8   32.3   59.7      59.7    31.3       0         0        1
00:07:00 00:00:00   31.2    31.2   31.2   30.7   31.8   40.7      40.7    30.9       0         0        1
00:07:15 00:00:00   31.2    31.2   31.2   30.7   33.0   59.3      59.3    31.1       0         0        1
00:07:30 00:00:00   31.2    31.2   31.2   30.8   32.2   59.4      59.4    31.1       0         0        1
00:07:45 00:00:00   31.2    31.3   31.3   30.8   33.7   59.6      59.6    31.1       0         0        1
00:08:00 00:00:00   31.1    31.1   31.1   30.8   32.2   46.3      46.3    31.1       0         0        1
00:08:15 00:00:00   31.2    31.2   31.2   30.8   32.0   44.2      44.2    31.2       0         0        1
00:08:30 00:00:00   31.3    31.3   31.3   30.8   32.4   49.0      49.0    31.2       0         0        1
00:08:45 00:00:00   31.3    31.3   31.3   30.8   31.9   59.6      59.6    31.0       0         0        1
00:09:00 00:00:00   31.3    31.1   31.1   30.6   32.4   60.4      60.4    31.2       0         0        1
00:09:15 00:00:00   31.1    31.3   31.3   30.8   33.0   62.1      62.1    31.1       0         0        1
00:09:30 00:00:00   31.3    31.1   31.1   30.8   31.6   59.0      59.0    31.0       0         0        1
00:09:45 00:00:00   31.1    31.1   31.1   30.8   32.2   63.0      63.0    30.9       0         0        1
00:10:00 00:00:00   31.2    31.2   31.2   30.7   32.6   43.0      43.0    31.0       0         0        1
00:10:15 00:00:00   31.0    31.0   31.0   30.6   31.4   47.2      47.2    30.9       0         0        1
00:10:30 00:00:00   31.0    31.0   31.0   30.7   31.3   40.7      40.7    31.1       0         0        1
00:10:45 00:00:00   31.0    31.0   31.0   30.5   33.1   69.7      69.7    31.3       0         0        1
00:11:00 00:00:00   31.0    31.0   31.0   30.7   31.5   59.6      59.6    31.1       0         0        1
00:11:15 00:00:00   31.0    31.0   31.0   30.7   31.4   57.9      57.9    31.2       0         0        1
00:11:30 00:00:00   31.0    31.0   31.0   30.8   31.5   57.3      57.3    31.5       0         0        1
00:11:45 00:00:00   31.0    31.0   31.1   30.8   31.5   59.3      59.3    30.9       0         0        1
00:12:00 00:00:00   31.0    31.0   31.0   30.7   31.3   47.6      47.6    31.0       0         0        1
00:12:15 00:00:00   31.0    31.0   31.0   30.7   31.2   45.3      45.3    31.0       0         0        1
00:12:30 00:00:00   31.0    31.0   31.0   30.7   31.2   45.3      45.3    31.0       0         0        1
00:12:45 00:00:00   31.0    31.0   31.0   30.6   31.6   57.7      57.7    30.9       0         0        1
00:13:00 00:00:00   31.0    31.0   31.0   30.7   31.4   59.2      59.2    31.1       0         0        1
00:13:15 00:00:00   31.0    31.0   31.0   30.7   31.3   60.2      60.2    30.7       0         0        1
00:13:30 00:00:00   31.0    31.0   31.0   30.7   31.6   58.4      58.4    31.0       0         0        1
00:13:45 00:00:00   31.0    31.1   31.1   30.7   32.8   58.5      58.5    31.1       0         0        1
00:14:00 00:00:00   31.3    31.3   31.3   30.7   33.1   43.6      43.6    31.0       0         0        1
00:14:15 00:00:00   31.1    31.1   31.1   30.9   31.5   51.3      51.3    31.1       0         0        1
00:14:30 00:00:00   31.1    31.1   31.1   30.8   31.4   43.0      43.0    31.2       0         0        1
00:14:45 00:00:00   31.1    31.0   31.0   30.7   31.3   58.5      58.5    31.0       0         0        1
00:15:00 00:00:00   31.0    31.2   31.2   30.8   31.8   57.6      57.6    31.0       0         0        1
00:15:15 00:00:00   31.2    31.0   31.0   30.8   31.5   57.7      57.7    31.0       0         0        1
00:15:30 00:00:00   31.0    31.1   31.1   30.8   31.7   59.6      59.6    31.5       0         0        1
00:15:45 00:00:00   31.1    31.1   31.1   30.7   31.6   62.1      62.1    31.0       0         0        1
00:16:00 00:00:00   31.3    31.3   31.3   30.8   32.3   49.0      49.0    31.6       0         0        1
