Time     ActTimer PreLEQ LEQ[dB] LEQ_dt MIN_dt MAX_dt LcPeak LcPeak_dt SPL_Act OVER_dt OVER_Hold UNDER_dt
00:00:15 00:00:00    0.0    48.2   48.2   31.8   67.5   83.8      83.8    46.4       0         0        0
00:00:30 00:00:00   48.2    31.9   31.9   31.5   46.0   56.3      56.3    32.1       0         0        1
00:00:45 00:00:00   31.9    31.9   31.9   31.6   32.4   57.2      57.2    31.9       0         0        1
00:01:00 00:00:00   31.9    32.2   32.2   31.6   35.2   56.7      56.7    32.4       0         0        1
00:01:15 00:00:00   32.2    32.3   32.3   31.6   36.0   59.5      59.5    32.0       0         0        1
00:01:30 00:00:00   32.3    32.4   32.4   31.6   38.8   61.7      61.7    34.8       0         0        0
00:01:45 00:00:00   32.4    33.0   33.0   31.5   45.5   58.9      58.9    31.7       0         0        1
00:02:00 00:00:00   33.0    32.1   32.1   31.5   35.5   57.3      57.3    31.8       0         0        1
00:02:15 00:00:00   32.1    32.0   32.0   31.7   32.8   57.3      57.3    31.9       0         0        1
00:02:30 00:00:00   32.0    32.0   32.0   31.6   32.8   58.1      58.1    31.9       0         0        1
00:02:45 00:00:00   32.0    31.8   31.8   31.3   32.2   57.7      57.7    31.9       0         0        1
00:03:00 00:00:00   31.8    31.9   31.9   31.4   33.4   58.4      58.4    32.1       0         0        1
00:03:15 00:00:00   31.9    31.8   31.8   31.4   32.7   58.2      58.2    32.0       0         0        1
00:03:30 00:00:00   31.8    32.0   32.0   31.5   33.0   59.7      59.7    31.8       0         0        1
00:03:45 00:00:00   32.0    32.0   32.0   31.5   33.2   58.2      58.2    32.3       0         0        1
00:04:00 00:00:00   32.0    32.1   32.1   31.4   33.6   59.3      59.3    31.6       0         0        1
00:04:15 00:00:00   32.1    32.0   32.0   31.5   33.2   58.1      58.1    32.1       0         0        1
00:04:30 00:00:00   32.0    32.0   32.0   31.5   33.7   58.5      58.5    32.0       0         0        1
00:04:45 00:00:00   32.0    31.9   31.9   31.3   33.2   59.4      59.4    31.7       0         0        1
00:05:00 00:00:00   31.9    32.0   32.0   31.5   34.2   61.9      61.9    31.7       0         0        1
00:05:15 00:00:00   32.0    32.0   32.0   31.5   32.5   63.0      63.0    31.8       0         0        1
00:05:30 00:00:00   32.0    32.1   32.1   31.6   33.2   58.4      58.4    33.1       0         0        1
00:05:45 00:00:00   32.1    32.0   32.0   31.6   33.4   59.5      59.5    32.1       0         0        1
00:06:00 00:00:00   32.0    32.0   32.0   31.6   32.8   57.9      57.9    31.7       0         0        1
00:06:15 00:00:00   32.0    31.8   31.8   31.5   32.4   57.3      57.3    31.7       0         0        1
00:06:30 00:00:00   31.8    31.9   31.9   31.5   32.7   57.2      57.2    31.9       0         0        1
00:06:45 00:00:00   31.9    31.8   31.8   31.5   32.3   57.9      57.9    31.6       0         0        1
00:07:00 00:00:00   31.8    31.8   31.8   31.4   32.7   58.0      58.0    31.9       0         0        1
00:07:15 00:00:00   31.8    32.0   32.0   31.4   33.2   59.1      59.1    31.7       0         0        1
00:07:30 00:00:00   32.0    31.8   31.8   31.5   32.4   59.3      59.3    31.6       0         0        1
00:07:45 00:00:00   31.8    32.0   32.0   31.6   33.4   59.1      59.1    31.9       0         0        1
00:08:00 00:00:00   32.0    32.1   32.1   31.5   34.3   61.0      61.0    32.0       0         0        1
00:08:15 00:00:00   32.1    31.9   31.9   31.4   33.1   59.8      59.8    31.9       0         0        1
00:08:30 00:00:00   31.9    31.8   31.8   31.5   32.4   57.6      57.6    31.7       0         0        1
00:08:45 00:00:00   31.8    31.8   31.8   31.4   32.6   56.4      56.4    31.9       0         0        1
00:09:00 00:00:00   31.8    31.8   31.8   31.5   32.3   56.4      56.4    31.7       0         0        1
00:09:15 00:00:00   31.8    31.7   31.7   31.4   32.1   58.9      58.9    31.6       0         0        1
00:09:30 00:00:00   31.7    31.7   31.7   31.4   32.1   58.1      58.1    31.5       0         0        1
00:09:45 00:00:00   31.7    31.8   31.8   31.4   32.2   57.3      57.3    31.8       0         0        1
00:10:00 00:00:00   31.8    31.9   31.9   31.5   32.4   57.7      57.7    32.0       0         0        1
00:10:15 00:00:00   31.9    31.9   31.9   31.5   32.4   58.8      58.8    32.0       0         0        1
00:10:30 00:00:00   31.9    31.9   31.9   31.5   32.5   59.1      59.1    31.8       0         0        1
00:10:45 00:00:00   31.9    31.9   31.9   31.6   32.3   57.1      57.1    31.9       0         0        1
00:11:00 00:00:00   31.9    31.9   31.9   31.5   32.4   58.9      58.9    31.8       0         0        1
00:11:15 00:00:00   31.9    32.0   32.0   31.5   33.2   59.6      59.6    31.9       0         0        1
00:11:30 00:00:00   32.0    31.7   31.7   31.4   32.0   58.5      58.5    31.9       0         0        1
00:11:45 00:00:00   31.7    31.7   31.7   31.3   33.2   58.7      58.7    32.0       0         0        1
00:12:00 00:00:00   31.7    32.0   32.0   31.5   34.5   59.7      59.7    31.8       0         0        1
00:12:15 00:00:00   32.0    32.2   32.2   31.6   39.2   66.5      66.5    32.0       0         0        1
00:12:30 00:00:00   32.2    31.9   31.9   31.6   32.3   58.2      58.2    31.9       0         0        1
00:12:45 00:00:00   31.9    32.0   32.0   31.6   32.5   57.9      57.9    32.1       0         0        1
00:13:00 00:00:00   32.0    32.0   32.0   31.6   32.5   58.3      58.3    31.9       0         0        1
00:13:15 00:00:00   32.0    32.0   32.0   31.6   32.6   58.3      58.3    32.1       0         0        1
00:13:30 00:00:00   32.0    32.0   32.0   31.6   32.9   58.1      58.1    31.8       0         0        1
00:13:45 00:00:00   32.0    31.9   31.9   31.5   32.4   57.9      57.9    31.7       0         0        1
00:14:00 00:00:00   31.9    32.1   32.1   31.8   33.9   60.9      60.9    32.1       0         0        1
00:14:15 00:00:00   32.1    32.1   32.1   31.6   33.6   58.1      58.1    31.9       0         0        1
00:14:30 00:00:00   32.1    32.1   32.1   31.6   34.6   59.4      59.4    31.8       0         0        1
00:14:45 00:00:00   32.1    32.0   32.0   31.5   33.0   59.2      59.2    31.7       0         0        1
00:15:00 00:00:00   32.0    32.0   32.0   31.5   33.2   58.1      58.1    31.9       0         0        1
00:15:15 00:00:00   32.0    32.0   32.0   31.6   32.6   58.0      58.0    32.1       0         0        1
00:15:30 00:00:00   32.0    31.9   31.9   31.6   32.5   58.0      58.0    31.8       0         0        1
00:15:45 00:00:00   31.9    31.8   31.8   31.5   32.2   55.7      55.7    31.7       0         0        1
00:16:00 00:00:00   31.8    32.0   32.0   31.7   32.5   56.1      56.1    31.8       0         0        1
