Time     ActTimer PreLEQ LEQ[dB] LEQ_dt MIN_dt MAX_dt LcPeak LcPeak_dt SPL_Act OVER_dt OVER_Hold UNDER_dt
00:00:15 00:00:00    0.0    46.4   46.4   31.2   65.4   87.8      87.8    34.7       0         0        1
00:00:30 00:00:00   46.4    52.5   52.5   31.1   71.8   87.1      87.1    31.3       0         0        1
00:00:45 00:00:00   52.5    31.3   31.3   31.0   31.7   58.0      58.0    31.2       0         0        1
00:01:00 00:00:00   31.3    31.2   31.2   30.8   31.5   56.4      56.4    31.2       0         0        1
00:01:15 00:00:00   31.2    31.2   31.2   30.9   31.8   55.7      55.7    31.4       0         0        1
00:01:30 00:00:00   31.2    31.2   31.2   30.8   31.7   57.1      57.1    31.2       0         0        1
00:01:45 00:00:00   31.2    31.3   31.3   30.9   31.7   57.0      57.0    31.0       0         0        1
00:02:00 00:00:00   31.3    31.2   31.2   30.9   31.7   57.2      57.2    31.2       0         0        1
00:02:15 00:00:00   31.2    31.2   31.2   30.9   31.5   57.0      57.0    31.3       0         0        1
00:02:30 00:00:00   31.2    31.3   31.3   30.8   31.8   56.7      56.7    31.5       0         0        1
00:02:45 00:00:00   31.3    31.3   31.3   30.9   32.5   58.1      58.1    31.2       0         0        1
00:03:00 00:00:00   31.3    31.3   31.3   30.9   31.7   56.0      56.0    31.2       0         0        1
00:03:15 00:00:00   31.3    31.2   31.2   30.9   31.6   56.3      56.3    31.3       0         0        1
00:03:30 00:00:00   31.2    31.3   31.3   31.0   31.8   56.6      56.6    31.4       0         0        1
00:03:45 00:00:00   31.3    31.5   31.5   31.0   38.4   63.9      63.9    31.0       0         0        1
00:04:00 00:00:00   31.5    31.2   31.2   30.9   32.0   56.6      56.6    31.2       0         0        1
00:04:15 00:00:00   31.2    31.2   31.2   30.8   32.2   57.7      57.7    31.1       0         0        1
00:04:30 00:00:00   31.2    31.2   31.2   30.9   31.8   56.7      56.7    31.2       0         0        1
00:04:45 00:00:00   31.2    31.1   31.1   30.8   31.5   57.0      57.0    31.3       0         0        1
00:05:00 00:00:00   31.1    31.1   31.1   30.8   31.4   55.5      55.5    31.1       0         0        1
00:05:15 00:00:00   31.1    31.2   31.2   30.9   31.5   55.5      55.5    31.1       0         0        1
00:05:30 00:00:00   31.2    31.2   31.2   30.9   31.7   58.1      58.1    31.3       0         0        1
00:05:45 00:00:00   31.2    31.2   31.2   30.8   31.6   58.0      58.0    31.1       0         0        1
00:06:00 00:00:00   31.2    31.2   31.2   30.9   32.0   59.2      59.2    31.0       0         0        1
00:06:15 00:00:00   31.2    31.2   31.2   30.9   31.6   57.2      57.2    31.0       0         0        1
00:06:30 00:00:00   31.2    31.1   31.1   30.8   31.5   55.0      55.0    31.3       0         0        1
00:06:45 00:00:00   31.1    31.2   31.2   30.9   31.7   56.4      56.4    31.1       0         0        1
00:07:00 00:00:00   31.2    31.2   31.2   30.8   32.7   56.1      56.1    31.0       0         0        1
00:07:15 00:00:00   31.2    31.2   31.2   30.8   31.5   57.7      57.7    31.2       0         0        1
00:07:30 00:00:00   31.2    31.2   31.2   30.9   31.6   57.1      57.1    31.1       0         0        1
00:07:45 00:00:00   31.2    31.1   31.1   30.8   31.4   57.1      57.1    31.1       0         0        1
00:08:00 00:00:00   31.1    31.2   31.2   30.9   32.9   59.9      59.9    31.1       0         0        1
00:08:15 00:00:00   31.2    31.2   31.2   30.8   31.7   57.3      57.3    31.3       0         0        1
00:08:30 00:00:00   31.2    31.2   31.2   30.9   31.6   57.7      57.7    31.1       0         0        1
00:08:45 00:00:00   31.2    31.2   31.2   30.9   31.5   57.5      57.5    31.3       0         0        1
00:09:00 00:00:00   31.2    31.2   31.2   30.8   31.8   55.8      55.8    31.2       0         0        1
00:09:15 00:00:00   31.2    31.2   31.2   30.8   31.4   58.4      58.4    31.3       0         0        1
00:09:30 00:00:00   31.2    31.2   31.2   30.8   31.7   58.0      58.0    31.3       0         0        1
00:09:45 00:00:00   31.2    31.3   31.3   31.0   31.6   57.9      57.9    31.4       0         0        1
00:10:00 00:00:00   31.3    31.2   31.2   30.8   33.0   57.2      57.2    31.3       0         0        1
00:10:15 00:00:00   31.2    31.2   31.2   30.8   31.9   55.7      55.7    31.2       0         0        1
00:10:30 00:00:00   31.2    31.9   31.9   30.8   42.1   59.8      59.8    31.1       0         0        1
00:10:45 00:00:00   31.9    31.1   31.1   30.9   31.6   56.6      56.6    31.1       0         0        1
00:11:00 00:00:00   31.1    31.1   31.1   30.8   31.5   57.9      57.9    31.3       0         0        1
00:11:15 00:00:00   31.1    31.1   31.1   30.8   31.6   57.5      57.5    31.4       0         0        1
00:11:30 00:00:00   31.1    31.1   31.1   30.9   31.5   57.9      57.9    31.1       0         0        1
00:11:45 00:00:00   31.1    31.1   31.2   30.9   31.5   55.7      55.7    31.2       0         0        1
00:12:00 00:00:00   31.1    31.4   31.4   31.0   32.1   56.6      56.6    31.1       0         0        1
00:12:15 00:00:00   31.4    31.3   31.3   30.9   32.1   55.4      55.4    31.0       0         0        1
00:12:30 00:00:00   31.3    31.7   31.7   30.9   39.8   67.3      67.3    31.3       0         0        1
00:12:45 00:00:00   31.7    31.2   31.2   30.9   31.9   58.3      58.3    31.1       0         0        1
00:13:00 00:00:00   31.2    31.2   31.2   30.9   31.9   57.0      57.0    31.3       0         0        1
00:13:15 00:00:00   31.2    31.1   31.1   30.8   31.7   56.8      56.8    31.2       0         0        1
00:13:30 00:00:00   31.1    31.1   31.1   30.8   31.5   58.1      58.1    31.2       0         0        1
00:13:45 00:00:00   31.1    31.2   31.2   30.9   31.7   60.5      60.5    31.4       0         0        1
00:14:00 00:00:00   31.2    31.1   31.1   30.8   31.5   57.0      57.0    31.0       0         0        1
00:14:15 00:00:00   31.1    31.1   31.1   30.8   31.5   55.8      55.8    31.1       0         0        1
00:14:30 00:00:00   31.1    31.1   31.1   30.8   31.5   55.4      55.4    31.0       0         0        1
00:14:45 00:00:00   31.1    31.1   31.1   30.9   31.7   56.8      56.8    31.7       0         0        1
00:15:00 00:00:00   31.1    31.1   31.1   30.9   31.7   56.1      56.1    31.1       0         0        1
00:15:15 00:00:00   31.1    31.2   31.2   30.8   31.6   55.8      55.8    31.0       0         0        1
00:15:30 00:00:00   31.2    31.1   31.1   30.9   31.4   58.0      58.0    31.2       0         0        1
00:15:45 00:00:00   31.1    31.3   31.3   30.9   33.7   57.3      57.3    31.2       0         0        1
00:16:00 00:00:00   31.3    31.1   31.1   30.8   31.5   57.2      57.2    31.1       0         0        1
