Time     ActTimer PreLEQ LEQ[dB] LEQ_dt MIN_dt MAX_dt LcPeak LcPeak_dt SPL_Act OVER_dt OVER_Hold UNDER_dt
00:00:15 00:00:00    0.0    49.1   49.1   30.4   67.1   93.7      93.7    30.6       0         0        1
00:00:30 00:00:00   49.1    30.7   30.7   30.4   31.2   56.7      56.7    30.6       0         0        1
00:00:45 00:00:00   30.7    30.7   30.7   30.4   31.1   54.2      54.2    30.6       0         0        1
00:01:00 00:00:00   30.7    30.7   30.7   30.4   31.7   51.6      51.6    30.5       0         0        1
00:01:15 00:00:00   30.7    30.7   30.7   30.4   31.0   58.2      58.2    30.5       0         0        1
00:01:30 00:00:00   30.7    30.7   30.7   30.4   31.0   53.8      53.8    30.7       0         0        1
00:01:45 00:00:00   30.7    30.7   30.7   30.4   31.3   53.2      53.2    30.8       0         0        1
00:02:00 00:00:00   30.7    30.7   30.7   30.5   31.7   50.8      50.8    30.7       0         0        1
00:02:15 00:00:00   30.7    30.7   30.7   30.4   31.1   50.8      50.8    30.6       0         0        1
00:02:30 00:00:00   30.7    30.9   30.9   30.4   31.8   57.1      57.1    31.7       0         0        1
00:02:45 00:00:00   30.9    31.1   31.1   30.5   33.6   58.0      58.0    31.4       0         0        1
00:03:00 00:00:00   31.1    30.8   30.8   30.4   32.4   53.0      53.0    30.8       0         0        1
00:03:15 00:00:00   30.8    30.8   30.8   30.3   33.9   62.4      62.4    30.5       0         0        1
00:03:30 00:00:00   30.8    30.8   30.8   30.4   34.0   59.9      59.9    30.7       0         0        1
00:03:45 00:00:00   30.8    30.7   30.7   30.3   30.9   53.2      53.2    30.8       0         0        1
00:04:00 00:00:00   30.7    30.7   30.7   30.4   31.7   51.1      51.1    30.8       0         0        1
00:04:15 00:00:00   30.7    30.7   30.7   30.4   31.1   54.5      54.5    30.7       0         0        1
00:04:30 00:00:00   30.7    30.7   30.7   30.4   31.1   53.2      53.2    30.6       0         0        1
00:04:45 00:00:00   30.7    30.7   30.7   30.4   30.9   51.1      51.1    30.7       0         0        1
00:05:00 00:00:00   30.7    30.7   30.7   30.5   31.8   51.6      51.6    30.8       0         0        1
00:05:15 00:00:00   30.7    31.1   31.1   30.4   33.9   71.0      71.0    30.6       0         0        1
00:05:30 00:00:00   31.1    30.7   30.7   30.4   31.0   60.6      60.6    30.6       0         0        1
00:05:45 00:00:00   30.7    30.6   30.6   30.4   30.9   61.8      61.8    30.6       0         0        1
00:06:00 00:00:00   30.6    30.7   30.7   30.2   31.6   60.5      60.5    30.6       0         0        1
00:06:15 00:00:00   30.7    30.7   30.7   30.4   30.9   56.8      56.8    30.5       0         0        1
00:06:30 00:00:00   30.7    30.6   30.6   30.4   30.9   56.8      56.8    30.6       0         0        1
00:06:45 00:00:00   30.6    30.6   30.6   30.3   30.8   57.2      57.2    30.7       0         0        1
00:07:00 00:00:00   30.6    30.7   30.7   30.4   31.5   56.6      56.6    30.6       0         0        1
00:07:15 00:00:00   30.7    30.6   30.6   30.3   30.9   54.3      54.3    30.7       0         0        1
00:07:30 00:00:00   30.6    30.6   30.6   30.4   31.0   55.7      55.7    30.5       0         0        1
00:07:45 00:00:00   30.6    30.6   30.6   30.4   30.8   59.6      59.6    30.6       0         0        1
00:08:00 00:00:00   30.6    30.6   30.6   30.3   31.6   57.1      57.1    30.7       0         0        1
00:08:15 00:00:00   30.6    30.6   30.6   30.3   30.8   54.5      54.5    30.6       0         0        1
00:08:30 00:00:00   30.6    30.6   30.6   30.4   30.9   52.3      52.3    30.7       0         0        1
00:08:45 00:00:00   30.6    30.7   30.7   30.4   30.9   56.1      56.1    30.6       0         0        1
00:09:00 00:00:00   30.7    30.7   30.7   30.3   31.7   60.9      60.9    30.5       0         0        1
00:09:15 00:00:00   30.7    30.6   30.6   30.4   30.9   58.2      58.2    30.7       0         0        1
00:09:30 00:00:00   30.6    30.7   30.7   30.4   30.9   59.0      59.0    30.7       0         0        1
00:09:45 00:00:00   30.7    30.6   30.6   30.4   30.9   54.0      54.0    30.7       0         0        1
00:10:00 00:00:00   30.6    30.7   30.7   30.3   31.7   52.3      52.3    30.6       0         0        1
00:10:15 00:00:00   30.7    30.7   30.7   30.4   30.9   58.4      58.4    30.6       0         0        1
00:10:30 00:00:00   30.7    30.7   30.7   30.3   31.0   62.0      62.0    30.7       0         0        1
00:10:45 00:00:00   30.7    30.6   30.6   30.4   30.9   55.4      55.4    30.5       0         0        1
00:11:00 00:00:00   30.6    30.7   30.7   30.3   31.7   57.9      57.9    30.6       0         0        1
00:11:15 00:00:00   30.7    30.7   30.7   30.4   30.9   59.9      59.9    30.8       0         0        1
00:11:30 00:00:00   30.7    30.6   30.6   30.4   30.9   57.5      57.5    30.6       0         0        1
00:11:45 00:00:00   30.6    30.6   30.6   30.3   30.9   56.6      56.6    30.7       0         0        1
00:12:00 00:00:00   30.6    30.6   30.6   30.4   31.6   56.8      56.8    30.5       0         0        1
00:12:15 00:00:00   30.6    30.7   30.7   30.4   30.9   58.5      58.5    30.7       0         0        1
00:12:30 00:00:00   30.7    30.7   30.7   30.4   31.4   58.3      58.3    30.6       0         0        1
00:12:45 00:00:00   30.7    30.6   30.6   30.4   30.9   57.6      57.6    30.4       0         0        1
00:13:00 00:00:00   30.6    30.7   30.7   30.3   31.8   57.7      57.7    30.5       0         0        1
00:13:15 00:00:00   30.7    30.6   30.6   30.4   30.9   52.8      52.8    30.6       0         0        1
00:13:30 00:00:00   30.6    30.7   30.7   30.3   31.9   57.2      57.2    30.6       0         0        1
00:13:45 00:00:00   30.7    30.6   30.6   30.4   30.9   59.0      59.0    30.7       0         0        1
00:14:00 00:00:00   30.6    30.7   30.7   30.4   31.7   56.3      56.3    30.6       0         0        1
00:14:15 00:00:00   30.7    30.6   30.6   30.4   30.9   57.7      57.7    30.5       0         0        1
00:14:30 00:00:00   30.6    30.6   30.6   30.3   30.9   56.4      56.4    30.7       0         0        1
00:14:45 00:00:00   30.7    30.7   30.7   30.4   31.1   59.0      59.0    30.7       0         0        1
00:15:00 00:00:00   30.7    30.7   30.7   30.3   31.7   56.4      56.4    30.7       0         0        1
00:15:15 00:00:00   30.7    30.7   30.7   30.3   30.9   57.2      57.2    30.7       0         0        1
00:15:30 00:00:00   30.7    30.6   30.6   30.4   30.9   57.0      57.0    30.7       0         0        1
00:15:45 00:00:00   30.6    30.7   30.7   30.4   30.9   59.1      59.1    30.6       0         0        1
00:16:00 00:00:00   30.7    30.6   30.6   30.4   31.7   56.8      56.8    30.6       0         0        1
