Time     ActTimer PreLEQ LEQ[dB] LEQ_dt MIN_dt MAX_dt LcPeak LcPeak_dt SPL_Act OVER_dt OVER_Hold UNDER_dt
00:00:15 00:00:00    0.0    39.1   39.1   34.2   56.3   85.2      85.2    34.4       0         0        1
00:00:30 00:00:00   47.2    32.4   32.4   32.1   32.7   67.0      67.0    32.4       0         0        1
00:00:45 00:00:00   32.3    32.3   32.3   32.0   33.5   47.6      47.6    32.4       0         0        1
00:01:00 00:00:00   32.3    32.3   32.3   32.0   32.5   45.3      45.3    32.4       0         0        1
00:01:15 00:00:00   32.2    32.2   32.2   32.0   32.6   42.3      42.3    32.3       0         0        1
00:01:30 00:00:00   32.2    32.2   32.2   31.9   32.5   51.3      51.3    32.0       0         0        1
00:01:45 00:00:00   32.2    32.2   32.2   32.0   32.8   52.1      52.1    32.3       0         0        1
00:02:00 00:00:00   32.2    32.2   32.2   32.0   32.4   49.7      49.7    32.3       0         0        1
00:02:15 00:00:00   32.1    32.1   32.1   31.9   32.5   47.6      47.6    32.0       0         0        1
00:02:30 00:00:00   32.2    32.2   32.2   31.9   32.4   51.3      51.3    32.3       0         0        1
00:02:45 00:00:00   32.1    32.1   32.1   31.9   33.1   50.2      50.2    32.0       0         0        1
00:03:00 00:00:00   32.1    32.1   32.1   31.9   32.4   49.7      49.7    32.0       0         0        1
00:03:15 00:00:00   32.1    32.1   32.1   31.9   32.5   43.0      43.0    32.2       0         0        1
00:03:30 00:00:00   32.1    32.1   32.1   31.8   32.4   47.9      47.9    32.3       0         0        1
00:03:45 00:00:00   32.1    32.1   32.1   31.8   33.0   45.3      45.3    32.0       0         0        1
00:04:00 00:00:00   32.1    32.1   32.1   31.8   32.4   50.8      50.8    32.2       0         0        1
00:04:15 00:00:00   32.1    32.1   32.1   31.9   32.3   50.5      50.5    32.1       0         0        1
00:04:30 00:00:00   32.1    32.1   32.1   31.8   32.4   51.1      51.1    32.1       0         0        1
00:04:45 00:00:00   32.1    32.1   32.1   31.8   32.9   39.8      39.8    32.1       0         0        1
00:05:00 00:00:00   32.1    32.1   32.1   31.8   32.4   47.9      47.9    32.1       0         0        1
00:05:15 00:00:00   32.1    32.1   32.1   31.9   32.5   51.6      51.6    32.0       0         0        1
00:05:30 00:00:00   32.1    32.1   32.1   31.9   32.8   52.5      52.5    32.8       0         0        1
00:05:45 00:00:00   32.1    32.1   32.1   31.8   32.8   46.7      46.7    32.0       0         0        1
00:06:00 00:00:00   32.1    32.1   32.1   31.9   32.3   54.3      54.3    32.1       0         0        1
00:06:15 00:00:00   32.1    32.1   32.1   31.9   32.4   48.7      48.7    32.1       0         0        1
00:06:30 00:00:00   32.1    32.1   32.1   31.9   32.6   52.8      52.8    32.6       0         0        1
00:06:45 00:00:00   32.1    32.1   32.1   31.8   32.6   43.6      43.6    32.1       0         0        1
00:07:00 00:00:00   32.1    32.1   32.1   31.8   32.4   50.5      50.5    32.0       0         0        1
00:07:15 00:00:00   32.1    32.1   32.1   31.9   32.3   49.3      49.3    32.2       0         0        1
00:07:30 00:00:00   32.1    32.1   32.1   31.8   32.9   47.2      47.2    32.8       0         0        1
00:07:45 00:00:00   32.1    32.1   32.1   31.8   32.4   53.4      53.4    32.2       0         0        1
00:08:00 00:00:00   32.1    32.1   32.1   31.8   32.4   54.5      54.5    32.0       0         0        1
00:08:15 00:00:00   32.1    32.1   32.1   31.8   32.4   49.7      49.7    32.0       0         0        1
00:08:30 00:00:00   32.1    32.1   32.1   31.9   32.8   51.3      51.3    32.7       0         0        1
00:08:45 00:00:00   32.1    32.1   32.1   31.8   32.7   46.3      46.3    32.2       0         0        1
00:09:00 00:00:00   32.1    32.1   32.1   31.8   32.3   47.6      47.6    32.2       0         0        1
00:09:15 00:00:00   32.1    32.1   32.1   31.9   32.3   44.8      44.8    32.2       0         0        1
00:09:30 00:00:00   32.1    32.1   32.1   31.8   32.8   50.8      50.8    32.7       0         0        1
00:09:45 00:00:00   32.1    32.1   32.1   31.8   32.7   50.5      50.5    32.1       0         0        1
00:10:00 00:00:00   32.1    32.1   32.1   31.9   32.3   47.2      47.2    32.0       0         0        1
00:10:15 00:00:00   32.1    32.1   32.1   31.8   32.3   37.6      37.6    32.2       0         0        1
00:10:30 00:00:00   32.1    32.1   32.1   31.8   32.8   49.0      49.0    32.6       0         0        1
00:10:45 00:00:00   32.1    32.1   32.1   31.9   32.5   50.2      50.2    32.2       0         0        1
00:11:00 00:00:00   32.1    32.1   32.1   31.9   32.3   45.3      45.3    32.1       0         0        1
00:11:15 00:00:00   32.1    32.1   32.1   31.8   32.3   43.0      43.0    32.0       0         0        1
00:11:30 00:00:00   32.1    32.1   32.1   31.8   32.8   46.3      46.3    32.5       0         0        1
00:11:45 00:00:00   32.0    32.0   32.0   31.8   32.5   54.3      54.3    32.2       0         0        1
00:12:00 00:00:00   32.1    32.1   32.1   31.8   32.3   46.7      46.7    32.1       0         0        1
00:12:15 00:00:00   32.1    32.1   32.1   31.8   32.3   39.8      39.8    32.1       0         0        1
00:12:30 00:00:00   32.1    32.1   32.1   31.8   32.3   39.8      39.8    32.1       0         0        1
00:12:45 00:00:00   32.1    32.1   32.1   31.8   32.6   50.8      50.8    32.1       0         0        1
00:13:00 00:00:00   32.1    32.1   32.1   31.9   32.3   49.3      49.3    32.0       0         0        1
00:13:15 00:00:00   32.1    32.1   32.1   31.8   32.3   41.5      41.5    32.0       0         0        1
00:13:30 00:00:00   32.1    32.1   32.1   31.8   32.8   51.1      51.1    32.4       0         0        1
00:13:45 00:00:00   32.0    32.0   32.0   31.8   32.4   49.3      49.3    32.1       0         0        1
00:14:00 00:00:00   32.0    32.0   32.0   31.8   32.3   49.0      49.0    32.1       0         0        1
00:14:10 00:00:00   32.0    32.0   32.0   31.7   32.3   52.8      52.8    32.1       0         0        1
00:14:30 00:00:00   32.0    32.0   32.0   31.8   32.7   47.9      47.9    32.4       0         0        1
00:14:45 00:00:00   32.0    32.0   32.0   31.8   32.2   52.5      52.5    32.1       0         0        1
00:15:00 00:00:00   32.0    32.0   32.0   31.7   32.3   48.7      48.7    31.9       0         0        1
00:15:15 00:00:00   32.0    32.0   32.0   31.7   32.3   53.0      53.0    31.9       0         0        1
00:15:30 00:00:00   32.0    32.0   32.0   31.7   32.6   44.8      44.8    32.3       0         0        1
00:15:45 00:00:00   32.0    32.0   32.0   31.7   32.3   41.5      41.5    32.0       0         0        1
00:16:00 00:00:00   32.0    32.0   32.0   31.7   32.2   49.0      49.0    32.2       0         0        1
