Time     ActTimer PreLEQ LEQ[dB] LEQ_dt MIN_dt MAX_dt LcPeak LcPeak_dt SPL_Act OVER_dt OVER_Hold UNDER_dt
00:00:15 00:00:00   33.9    33.9   33.9   30.7   56.8   46.3      46.3    37.5       0         0        0
00:00:30 00:00:00   36.8    36.8   36.8   31.0   50.8   45.3      45.3    31.1       0         0        1
00:00:45 00:00:00   32.8    32.8   32.8   30.7   44.2   49.7      49.7    31.4       0         0        1
00:01:00 00:00:00   31.2    31.2   31.2   30.6   32.5   37.6      37.6    31.0       0         0        1
00:01:15 00:00:00   31.3    31.3   31.3   30.8   32.3   37.6      37.6    30.9       0         0        1
00:01:30 00:00:00   40.8    40.8   40.8   30.8   58.1   48.3      48.3    36.5       0         0        0
00:01:45 00:00:00   34.7    34.7   34.7   31.2   44.4   50.5      50.5    34.9       0         0        0
00:02:00 00:00:00   35.4    35.4   35.4   30.7   51.0   44.8      44.8    31.2       0         0        1
00:02:15 00:00:00   31.2    31.2   31.2   30.7   32.5   34.7      34.7    31.1       0         0        1
00:02:30 00:00:00   31.1    31.1   31.1   30.7   32.5   45.8      45.8    31.0       0         0        1
00:02:45 00:00:00   31.1    31.1   31.1   30.8   32.0   44.2      44.2    30.9       0         0        1
00:03:00 00:00:00   31.3    31.3   31.3   30.8   34.2   37.6      37.6    31.4       0         0        1
00:03:15 00:00:00   31.4    31.4   31.4   30.7   33.2   38.8      38.8    31.1       0         0        1
00:03:30 00:00:00   31.4    31.4   31.4   30.8   33.1   36.3      36.3    31.0       0         0        1
00:03:45 00:00:00   31.4    31.4   31.4   30.7   33.8   51.6      51.6    31.1       0         0        1
00:04:00 00:00:00   31.4    31.4   31.4   30.7   33.9   38.8      38.8    31.3       0         0        1
00:04:15 00:00:00   31.5    31.5   31.5   30.8   34.0   46.7      46.7    31.0       0         0        1
00:04:30 00:00:00   31.5    31.5   31.5   30.7   33.8   44.2      44.2    31.1       0         0        1
00:04:45 00:00:00   31.4    31.4   31.4   30.7   33.8   46.7      46.7    31.1       0         0        1
00:05:00 00:00:00   31.2    31.2   31.2   30.8   32.0   43.6      43.6    30.9       0         0        1
00:05:15 00:00:00   31.4    31.4   31.4   30.7   32.9   37.6      37.6    31.1       0         0        1
00:05:30 00:00:00   31.1    31.1   31.1   30.7   32.2   36.3      36.3    31.6       0         0        1
00:05:45 00:00:00   31.2    31.2   31.2   30.7   33.3   54.7      54.7    31.1       0         0        1
00:06:00 00:00:00   31.2    31.2   31.2   30.7   32.0   52.3      52.3    31.3       0         0        1
00:06:15 00:00:00   32.9    32.9   32.9   30.6   44.4   52.3      52.3    31.2       0         0        1
00:06:30 00:00:00   31.2    31.2   31.2   30.7   32.5   37.6      37.6    31.0       0         0        1
00:06:45 00:00:00   31.0    31.0   31.0   30.7   31.3   41.5      41.5    31.2       0         0        1
00:07:00 00:00:00   31.0    31.0   31.0   30.7   31.5   44.8      44.8    31.1       0         0        1
00:07:15 00:00:00   31.0    31.0   31.0   30.7   31.4   36.3      36.3    31.0       0         0        1
00:07:30 00:00:00   31.0    31.0   31.0   30.7   31.4   49.0      49.0    31.2       0         0        1
00:07:45 00:00:00   30.9    30.9   30.9   30.7   31.2   41.5      41.5    31.0       0         0        1
00:08:00 00:00:00   31.0    31.0   31.0   30.5   31.3   37.6      37.6    30.6       0         0        1
00:08:15 00:00:00   31.0    31.0   31.0   30.6   31.5   47.6      47.6    31.0       0         0        1
00:08:30 00:00:00   31.1    31.1   31.1   30.7   32.9   43.0      43.0    32.1       0         0        1
00:08:45 00:00:00   31.2    31.2   31.2   30.7   32.2   45.8      45.8    30.7       0         0        1
00:09:00 00:00:00   31.3    31.3   31.3   30.7   34.3   49.3      49.3    31.6       0         0        1
00:09:15 00:00:00   31.2    31.2   31.2   30.8   32.2   40.7      40.7    31.0       0         0        1
00:09:30 00:00:00   31.2    31.2   31.2   30.7   33.0   48.3      48.3    31.0       0         0        1
00:09:45 00:00:00   31.4    31.4   31.4   30.8   33.2   43.6      43.6    31.4       0         0        1
00:10:00 00:00:00   31.3    31.3   31.3   30.8   33.8   45.3      45.3    31.2       0         0        1
00:10:15 00:00:00   31.3    31.3   31.3   30.7   32.8   59.0      59.0    32.0       0         0        1
00:10:30 00:00:00   31.3    31.3   31.3   30.7   32.9   48.7      48.7    32.0       0         0        1
00:10:45 00:00:00   31.2    31.2   31.2   30.7   33.1   43.0      43.0    31.0       0         0        1
00:11:00 00:00:00   31.1    31.1   31.1   30.7   32.5   50.0      50.0    31.0       0         0        1
00:11:15 00:00:00   31.1    31.1   31.1   30.7   32.5   48.7      48.7    31.3       0         0        1
00:11:30 00:00:00   31.2    31.2   31.2   30.7   33.1   38.8      38.8    31.0       0         0        1
00:11:45 00:00:00   31.2    31.2   31.2   30.5   33.4   51.6      51.6    30.9       0         0        1
00:12:00 00:00:00   31.0    31.0   31.0   30.7   31.7   46.3      46.3    31.3       0         0        1
00:12:15 00:00:00   31.1    31.1   31.1   30.7   31.9   45.3      45.3    31.0       0         0        1
00:12:30 00:00:00   31.3    31.3   31.3   30.8   33.2   44.8      44.8    31.0       0         0        1
00:12:45 00:00:00   31.4    31.4   31.4   30.8   33.2   45.8      45.8    30.9       0         0        1
00:13:00 00:00:00   31.2    31.2   31.2   30.7   32.6   44.2      44.2    31.0       0         0        1
00:13:15 00:00:00   31.2    31.2   31.2   30.7   32.4   43.0      43.0    31.1       0         0        1
00:13:30 00:00:00   31.0    31.0   31.0   30.7   31.8   43.0      43.0    30.9       0         0        1
00:13:45 00:00:00   31.0    31.0   31.0   30.7   31.7   42.3      42.3    31.1       0         0        1
00:14:00 00:00:00   31.1    31.1   31.1   30.7   31.7   50.2      50.2    31.1       0         0        1
00:14:15 00:00:00   50.5    50.5   50.5   30.8   66.1   43.0      43.0    31.0       0         0        1
00:14:30 00:00:00   31.0    31.0   31.0   30.7   32.4   47.2      47.2    31.0       0         0        1
00:14:45 00:00:00   31.0    31.0   31.0   30.5   32.7   38.8      38.8    30.9       0         0        1
00:15:00 00:00:00   31.1    31.1   31.1   30.7   31.9   32.8      32.8    30.9       0         0        1
00:15:15 00:00:00   31.1    31.1   31.1   30.7   32.3   50.5      50.5    31.0       0         0        1
00:15:30 00:00:00   31.1    31.1   31.1   30.7   33.7   42.3      42.3    31.3       0         0        1
00:15:45 00:00:00   30.9    30.9   30.9   30.7   31.3   39.8      39.8    30.9       0         0        1
00:16:00 00:00:00   30.9    30.9   30.9   30.7   31.2   39.8      39.8    31.0       0         0        1
