Time     ActTimer PreLEQ LEQ[dB] LEQ_dt MIN_dt MAX_dt LcPeak LcPeak_dt SPL_Act OVER_dt OVER_Hold UNDER_dt
00:00:15 00:00:00    0.0    43.6   43.6   30.9   58.8   85.2      85.2    30.9       0         0        1
00:00:30 00:00:00   43.6    32.8   32.8   30.8   44.8   66.4      66.4    30.9       0         0        1
00:00:45 00:00:00   32.8    31.1   31.1   30.8   31.6   59.2      59.2    31.0       0         0        1
00:01:00 00:00:00   31.1    31.2   31.2   30.9   31.7   58.4      58.4    31.0       0         0        1
00:01:15 00:00:00   31.2    31.2   31.2   30.9   32.3   60.6      60.6    31.1       0         0        1
00:01:30 00:00:00   31.2    31.2   31.2   30.9   31.8   59.9      59.9    31.4       0         0        1
00:01:45 00:00:00   31.2    31.2   31.2   30.8   33.8   58.1      58.1    31.3       0         0        1
00:02:00 00:00:00   31.2    31.1   31.1   30.8   32.6   58.4      58.4    31.3       0         0        1
00:02:15 00:00:00   31.1    31.1   31.1   30.8   31.8   61.8      61.8    31.2       0         0        1
00:02:30 00:00:00   31.1    31.2   31.2   30.8   32.1   60.2      60.2    31.0       0         0        1
00:02:45 00:00:00   31.2    31.1   31.1   30.8   31.9   57.6      57.6    31.2       0         0        1
00:03:00 00:00:00   31.1    31.1   31.1   30.8   31.5   58.0      58.0    31.0       0         0        1
00:03:15 00:00:00   31.1    31.1   31.1   30.7   31.7   60.4      60.4    31.2       0         0        1
00:03:30 00:00:00   31.1    31.1   31.1   30.8   31.5   59.1      59.1    30.9       0         0        1
00:03:45 00:00:00   31.1    31.1   31.1   30.8   31.6   60.2      60.2    31.1       0         0        1
00:04:00 00:00:00   31.1    31.3   31.3   30.9   32.1   59.7      59.7    31.2       0         0        1
00:04:15 00:00:00   31.3    31.1   31.1   30.8   31.5   59.0      59.0    31.1       0         0        1
00:04:30 00:00:00   31.1    31.2   31.2   30.8   32.0   59.5      59.5    31.1       0         0        1
00:04:45 00:00:00   31.2    31.2   31.2   30.8   31.6   58.9      58.9    31.0       0         0        1
00:05:00 00:00:00   31.2    31.1   31.1   30.7   31.6   60.0      60.0    31.1       0         0        1
00:05:15 00:00:00   31.1    31.1   31.1   30.8   31.4   58.1      58.1    31.3       0         0        1
00:05:30 00:00:00   31.1    31.1   31.1   30.8   31.6   59.2      59.2    31.6       0         0        1
00:05:45 00:00:00   31.1    31.2   31.2   30.8   32.0   61.2      61.2    31.1       0         0        1
00:06:00 00:00:00   31.2    31.1   31.1   30.8   31.7   56.3      56.3    31.1       0         0        1
00:06:15 00:00:00   31.1    31.2   31.2   30.7   31.8   58.1      58.1    31.2       0         0        1
00:06:30 00:00:00   31.2    31.1   31.1   30.7   32.0   58.8      58.8    31.0       0         0        1
00:06:45 00:00:00   31.1    31.2   31.2   30.8   31.9   58.8      58.8    31.1       0         0        1
00:07:00 00:00:00   31.2    31.1   31.1   30.7   31.8   60.2      60.2    31.0       0         0        1
00:07:15 00:00:00   31.1    31.1   31.1   30.7   31.8   58.0      58.0    31.1       0         0        1
00:07:30 00:00:00   31.1    31.2   31.2   30.7   32.2   60.7      60.7    31.2       0         0        1
00:07:45 00:00:00   31.2    31.1   31.1   30.7   31.8   59.4      59.4    30.9       0         0        1
00:08:00 00:00:00   31.1    31.2   31.2   30.8   31.9   58.5      58.5    31.2       0         0        1
00:08:15 00:00:00   31.2    31.0   31.0   30.8   31.4   56.4      56.4    31.0       0         0        1
00:08:30 00:00:00   31.0    31.0   31.0   30.7   31.3   57.9      57.9    30.9       0         0        1
00:08:45 00:00:00   31.0    31.2   31.2   30.7   31.8   59.4      59.4    31.7       0         0        1
00:09:00 00:00:00   31.2    31.2   31.2   30.8   31.8   59.2      59.2    31.2       0         0        1
00:09:15 00:00:00   31.2    31.3   31.3   30.8   32.2   59.9      59.9    31.4       0         0        1
00:09:30 00:00:00   31.3    31.1   31.1   30.6   32.0   58.5      58.5    31.0       0         0        1
00:09:45 00:00:00   31.1    31.1   31.1   30.7   35.8   57.2      57.2    30.9       0         0        1
00:10:00 00:00:00   31.1    31.0   31.0   30.7   31.3   57.1      57.1    31.0       0         0        1
00:10:15 00:00:00   31.0    31.0   31.0   30.8   31.4   58.3      58.3    30.9       0         0        1
00:10:30 00:00:00   31.0    31.1   31.1   30.8   31.8   59.3      59.3    30.9       0         0        1
00:10:45 00:00:00   31.1    31.2   31.2   30.7   32.6   62.2      62.2    31.2       0         0        1
00:11:00 00:00:00   31.2    31.2   31.2   30.8   32.1   57.2      57.2    32.1       0         0        1
00:11:15 00:00:00   31.2    31.3   31.3   30.7   32.6   58.0      58.0    31.0       0         0        1
00:11:30 00:00:00   31.3    31.3   31.3   30.8   32.2   60.2      60.2    31.7       0         0        1
00:11:45 00:00:00   31.3    31.1   31.1   30.8   32.0   59.8      59.8    31.1       0         0        1
00:12:00 00:00:00   31.1    31.1   31.1   30.8   31.5   58.8      58.8    31.1       0         0        1
00:12:15 00:00:00   31.1    31.1   31.1   30.7   31.7   58.4      58.4    30.9       0         0        1
00:12:30 00:00:00   31.1    31.1   31.1   30.7   31.9   59.1      59.1    31.1       0         0        1
00:12:45 00:00:00   31.1    31.2   31.2   30.7   32.2   59.2      59.2    31.0       0         0        1
00:13:00 00:00:00   31.2    31.2   31.2   30.8   31.9   59.7      59.7    31.0       0         0        1
00:13:15 00:00:00   31.2    31.1   31.1   30.7   31.8   59.1      59.1    31.1       0         0        1
00:13:30 00:00:00   31.1    31.1   31.1   30.7   31.6   56.7      56.7    31.2       0         0        1
00:13:45 00:00:00   31.1    31.1   31.1   30.7   32.1   58.1      58.1    31.3       0         0        1
00:14:00 00:00:00   31.1    31.6   31.6   30.7   39.8   66.3      66.3    30.9       0         0        1
00:14:15 00:00:00   31.6    31.2   31.2   30.7   32.0   58.9      58.9    31.5       0         0        1
00:14:30 00:00:00   31.2    31.1   31.1   30.7   31.8   59.0      59.0    31.3       0         0        1
00:14:45 00:00:00   31.1    31.2   31.2   30.7   32.0   58.8      58.8    31.1       0         0        1
00:15:00 00:00:00   31.2    31.3   31.3   30.8   37.3   57.9      57.9    31.2       0         0        1
00:15:15 00:00:00   31.3    31.2   31.2   30.9   32.0   58.5      58.5    31.3       0         0        1
00:15:30 00:00:00   31.2    31.6   31.6   30.9   39.5   66.7      66.7    31.5       0         0        1
00:15:45 00:00:00   31.6    31.2   31.2   30.8   31.9   58.5      58.5    31.5       0         0        1
00:16:00 00:00:00   31.2    31.7   31.7   30.9   33.4   59.5      59.5    31.8       0         0        1
