Time     ActTimer PreLEQ LEQ[dB] LEQ_dt MIN_dt MAX_dt LcPeak LcPeak_dt SPL_Act OVER_dt OVER_Hold UNDER_dt
00:00:15 00:00:00   49.3    49.3   49.3   30.7   66.2   38.8      38.8    30.7       0         0        1
00:00:30 00:00:00   31.0    31.0   31.0   30.7   32.0   38.8      38.8    31.0       0         0        1
00:00:45 00:00:00   31.0    31.0   31.0   30.7   31.3   37.6      37.6    31.0       0         0        1
00:01:00 00:00:00   31.0    31.0   31.0   30.7   31.2   42.3      42.3    31.2       0         0        1
00:01:15 00:00:00   31.0    31.0   31.0   30.7   32.0   36.3      36.3    30.9       0         0        1
00:01:30 00:00:00   31.0    31.0   31.0   30.7   32.3   41.5      41.5    31.0       0         0        1
00:01:45 00:00:00   31.0    31.0   31.0   30.8   31.3   42.3      42.3    31.0       0         0        1
00:02:00 00:00:00   30.9    30.9   30.9   30.7   31.2   43.6      43.6    31.0       0         0        1
00:02:15 00:00:00   31.0    31.0   31.0   30.7   31.3   36.3      36.3    31.0       0         0        1
00:02:30 00:00:00   31.0    31.0   31.0   30.7   32.0   47.2      47.2    30.8       0         0        1
00:02:45 00:00:00   31.0    31.0   31.0   30.7   31.3   39.8      39.8    31.1       0         0        1
00:03:00 00:00:00   31.0    31.0   31.0   30.7   31.3   45.3      45.3    30.8       0         0        1
00:03:15 00:00:00   31.0    31.0   31.0   30.7   31.3   43.0      43.0    31.0       0         0        1
00:03:30 00:00:00   31.0    31.0   31.0   30.7   32.3   38.8      38.8    31.0       0         0        1
00:03:45 00:00:00   31.0    31.0   31.0   30.7   31.3   37.6      37.6    31.1       0         0        1
00:04:00 00:00:00   31.0    31.0   31.0   30.7   31.3   43.0      43.0    30.9       0         0        1
00:04:15 00:00:00   31.0    31.0   31.0   30.7   31.2   41.5      41.5    31.0       0         0        1
00:04:30 00:00:00   31.0    31.0   31.0   30.7   31.9   36.3      36.3    31.0       0         0        1
00:04:45 00:00:00   31.0    31.0   31.0   30.8   31.3   37.6      37.6    31.0       0         0        1
00:05:00 00:00:00   31.0    31.0   31.0   30.7   31.3   37.6      37.6    30.9       0         0        1
00:05:15 00:00:00   31.0    31.0   31.0   30.7   31.3   41.5      41.5    31.0       0         0        1
00:05:30 00:00:00   31.0    31.0   31.0   30.7   32.0   43.6      43.6    31.0       0         0        1
00:05:45 00:00:00   31.0    31.0   31.0   30.6   31.2   39.8      39.8    30.8       0         0        1
00:06:00 00:00:00   31.0    31.0   31.0   30.7   31.4   42.3      42.3    31.0       0         0        1
00:06:15 00:00:00   30.9    30.9   30.9   30.7   31.3   46.3      46.3    31.0       0         0        1
00:06:30 00:00:00   31.0    31.0   31.0   30.7   32.1   37.6      37.6    30.9       0         0        1
00:06:45 00:00:00   30.9    30.9   30.9   30.7   31.2   46.7      46.7    30.9       0         0        1
00:07:00 00:00:00   31.0    31.0   31.0   30.6   31.3   41.5      41.5    30.9       0         0        1
00:07:15 00:00:00   31.0    31.0   31.0   30.6   31.3   37.6      37.6    31.0       0         0        1
00:07:30 00:00:00   31.0    31.0   31.0   30.6   31.7   45.8      45.8    31.0       0         0        1
00:07:45 00:00:00   31.0    31.0   31.0   30.7   31.3   45.8      45.8    30.9       0         0        1
00:08:00 00:00:00   31.0    31.0   31.0   30.6   31.3   36.3      36.3    31.1       0         0        1
00:08:15 00:00:00   31.0    31.0   31.0   30.7   31.2   42.3      42.3    30.8       0         0        1
00:08:30 00:00:00   31.0    31.0   31.0   30.7   31.8   43.0      43.0    30.9       0         0        1
00:08:45 00:00:00   31.0    31.0   31.0   30.7   31.2   34.7      34.7    30.9       0         0        1
00:09:00 00:00:00   31.0    31.0   31.0   30.7   31.2   39.8      39.8    31.0       0         0        1
00:09:15 00:00:00   31.0    31.0   31.0   30.7   31.3   41.5      41.5    31.1       0         0        1
00:09:30 00:00:00   31.0    31.0   31.0   30.7   32.0   40.7      40.7    30.9       0         0        1
00:09:45 00:00:00   31.0    31.0   31.0   30.8   31.3   42.3      42.3    30.8       0         0        1
00:10:00 00:00:00   31.0    31.0   31.0   30.7   31.3   42.3      42.3    30.8       0         0        1
00:10:15 00:00:00   31.0    31.0   31.0   30.7   31.2   37.6      37.6    31.0       0         0        1
00:10:30 00:00:00   31.0    31.0   31.0   30.7   32.1   45.8      45.8    30.8       0         0        1
00:10:45 00:00:00   31.0    31.0   31.0   30.7   31.3   46.3      46.3    30.9       0         0        1
00:11:00 00:00:00   31.0    31.0   31.0   30.7   31.2   45.3      45.3    31.2       0         0        1
00:11:15 00:00:00   31.0    31.0   31.0   30.8   31.2   45.3      45.3    30.8       0         0        1
00:11:30 00:00:00   31.0    31.0   31.0   30.7   31.9   37.6      37.6    30.9       0         0        1
00:11:45 00:00:00   30.9    30.9   30.9   30.6   31.2   43.6      43.6    31.0       0         0        1
00:12:00 00:00:00   31.0    31.0   31.0   30.7   31.2   38.8      38.8    31.0       0         0        1
00:12:15 00:00:00   31.0    31.0   31.0   30.7   31.3   36.3      36.3    30.8       0         0        1
00:12:30 00:00:00   31.0    31.0   31.0   30.8   32.0   37.6      37.6    30.9       0         0        1
00:12:45 00:00:00   30.9    30.9   30.9   30.7   31.2   44.2      44.2    30.9       0         0        1
00:13:00 00:00:00   31.0    31.0   31.0   30.7   31.3   39.8      39.8    31.0       0         0        1
00:13:15 00:00:00   31.0    31.0   31.0   30.7   31.3   37.6      37.6    30.9       0         0        1
00:13:30 00:00:00   31.0    31.0   31.0   30.7   32.0   43.6      43.6    30.9       0         0        1
00:13:45 00:00:00   31.0    31.0   31.0   30.7   31.3   36.3      36.3    30.9       0         0        1
00:14:00 00:00:00   31.0    31.0   31.0   30.6   31.2   41.5      41.5    30.8       0         0        1
00:14:15 00:00:00   31.0    31.0   31.0   30.6   31.3   40.7      40.7    31.0       0         0        1
00:14:30 00:00:00   30.9    30.9   30.9   30.6   31.8   39.8      39.8    31.0       0         0        1
00:14:45 00:00:00   31.0    31.0   31.0   30.7   31.3   42.3      42.3    30.8       0         0        1
00:15:00 00:00:00   30.9    30.9   30.9   30.7   31.2   44.2      44.2    30.9       0         0        1
00:15:15 00:00:00   31.0    31.0   31.0   30.7   31.3   46.3      46.3    31.1       0         0        1
00:15:30 00:00:00   31.0    31.0   31.0   30.7   31.9   42.3      42.3    31.1       0         0        1
00:15:45 00:00:00   31.0    31.0   31.0   30.7   31.2   36.3      36.3    31.0       0         0        1
00:16:00 00:00:00   31.0    31.0   31.0   30.7   31.2   34.7      34.7    30.9       0         0        1
