Time     ActTimer PreLEQ LEQ[dB] LEQ_dt MIN_dt MAX_dt LcPeak LcPeak_dt SPL_Act OVER_dt OVER_Hold UNDER_dt
00:00:05 00:00:05    0.0    70.3   70.3   67.4   72.5   94.2      94.2    69.2       0         0        0
00:00:10 00:00:00    0.0    70.4   70.4   66.2   72.7   94.7      94.7    69.7       0         0        0
00:00:15 00:00:05   70.4    70.2   70.2   64.8   73.0   94.6      94.6    72.1       0         0        0
00:00:20 00:00:00   70.4    70.2   70.1   65.9   73.1   94.6      94.5    69.7       0         0        0
00:00:25 00:00:05   70.2    70.1   70.2   64.7   72.6   95.0      95.0    71.8       0         0        0
00:00:30 00:00:00   70.2    70.3   70.5   66.9   72.5   95.0      94.3    71.0       0         0        0
00:00:35 00:00:05   70.3    70.5   70.5   66.3   72.3   93.7      93.7    68.7       0         0        0
00:00:40 00:00:00   70.3    70.5   70.5   66.3   72.4   93.7      93.3    71.3       0         0        0
00:00:45 00:00:05   70.5    71.1   71.1   66.6   74.8   94.5      94.5    70.1       0         0        0
00:00:50 00:00:00   70.5    70.4   69.5   58.2   73.8   94.7      94.7    69.2       0         0        0
00:00:55 00:00:05   70.4    70.8   70.7   59.8   74.6   95.1      95.1    74.6       0         0        0
00:01:00 00:00:00   70.4    70.9   71.0   61.8   75.5   95.1      94.3    72.3       0         0        0
00:01:05 00:00:05   70.9    71.2   71.3   57.8   75.6   95.6      95.6    73.8       0         0        0
00:01:10 00:00:00   70.9    71.4   71.6   63.9   76.5   95.6      95.1    73.6       0         0        0
00:01:15 00:00:05   71.4    71.3   71.4   64.2   74.8   95.3      95.3    74.8       0         0        0
00:01:20 00:00:00   71.4    71.7   72.0   65.0   75.1   95.3      95.2    71.1       0         0        0
00:01:25 00:00:05   71.7    72.0   71.9   64.4   75.3   95.3      95.3    69.4       0         0        0
00:01:30 00:00:00   71.7    72.0   72.0   67.9   74.4   95.3      95.3    70.3       0         0        0
00:01:35 00:00:05   72.0    71.4   71.4   67.7   74.8   94.9      94.9    70.0       0         0        0
00:01:40 00:00:00   72.0    71.9   72.2   69.0   75.0   95.3      95.3    69.6       0         0        0
00:01:45 00:00:05   71.9    70.6   70.6   66.9   73.2   96.1      96.1    69.1       0         0        0
00:01:50 00:00:00   71.9    70.5   70.5   65.0   72.7   96.1      95.9    70.7       0         0        0
00:01:55 00:00:05   70.5    71.0   71.0   65.0   73.2   95.5      95.5    71.7       0         0        0
00:02:00 00:00:00   70.5    70.6   70.2   65.0   72.7   95.7      95.7    70.3       0         0        0
00:02:05 00:00:05   70.6    72.1   72.0   67.4   75.7   94.9      94.9    69.6       0         0        0
00:02:10 00:00:00   70.6    71.8   71.5   67.1   74.0   94.9      93.5    67.2       0         0        0
00:02:15 00:00:05   71.8    71.3   71.4   67.1   73.7   94.7      94.7    70.8       0         0        0
00:02:20 00:00:00   71.8    71.6   71.9   67.3   73.9   94.7      93.1    72.6       0         0        0
00:02:25 00:00:05   71.6    71.8   71.8   68.8   74.1   93.2      93.2    71.6       0         0        0
00:02:30 00:00:00   71.6    71.7   71.6   69.1   73.3   93.2      93.0    71.5       0         0        0
00:02:35 00:00:05   71.7    71.8   71.8   69.5   73.7   93.4      93.4    72.5       0         0        0
00:02:40 00:00:00   71.7    71.8   71.7   69.0   73.6   93.4      91.5    70.6       0         0        0
00:02:45 00:00:05   71.8    71.6   71.7   66.2   74.0   89.1      89.1    71.7       0         0        0
00:02:50 00:00:00   71.8    71.5   71.5   65.8   74.4   92.7      92.7    71.8       0         0        0
00:02:55 00:00:05   71.5    71.8   71.7   68.7   73.7   94.0      94.0    72.5       0         0        0
00:03:00 00:00:00   71.5    71.9   72.1   69.1   74.2   94.0      93.6    71.5       0         0        0
00:03:05 00:00:05   71.9    71.5   71.5   70.1   73.5   93.1      93.1    70.9       0         0        0
00:03:10 00:00:00   71.9    71.6   71.7   69.4   73.1   93.2      93.2    69.6       0         0        0
00:03:15 00:00:05   71.6    72.2   72.2   69.2   74.1   93.4      93.4    74.1       0         0        0
00:03:20 00:00:00   71.6    72.3   72.4   70.2   74.1   93.4      92.7    70.8       0         0        0
00:03:25 00:00:05   72.3    71.9   71.8   69.3   73.5   92.7      92.7    70.4       0         0        0
00:03:30 00:00:00   72.3    72.0   72.1   70.2   73.7   93.5      93.5    70.7       0         0        0
00:03:35 00:00:05   72.0    72.3   72.3   70.5   73.6   93.0      93.0    71.0       0         0        0
00:03:40 00:00:00   72.0    72.4   72.5   66.9   76.2   93.0      92.0    70.9       0         0        0
00:03:45 00:00:05   72.4    72.4   72.4   65.3   77.5   92.2      92.2    67.8       0         0        0
00:03:50 00:00:00   72.4    72.7   72.9   63.8   76.8   93.8      93.8    72.6       0         0        0
00:03:55 00:00:05   72.7    71.9   71.9   64.6   76.1   91.9      91.9    68.6       0         0        0
00:04:00 00:00:00   72.7    71.9   71.9   65.5   75.7   95.0      95.0    74.4       0         0        0
00:04:05 00:00:05   71.8    72.6   72.5   64.7   76.9   94.3      94.3    66.7       0         0        0
00:04:10 00:00:00   71.8    73.0   73.3   67.9   76.2   94.3      93.7    74.0       0         0        0
00:04:15 00:00:05   73.0    72.3   72.4   66.3   75.7   93.1      93.1    72.5       0         0        0
00:04:20 00:00:00   73.0    72.3   72.2   66.4   76.3   94.1      94.1    71.9       0         0        0
00:04:25 00:00:05   72.3    72.4   72.5   66.8   75.5   92.6      92.6    73.4       0         0        0
00:04:30 00:00:00   72.3    72.3   72.2   64.0   76.0   93.4      93.4    71.5       0         0        0
00:04:35 00:00:05   72.3    72.4   72.4   60.7   76.0   92.9      92.9    69.4       0         0        0
00:04:40 00:00:00   72.3    72.5   72.5   66.5   76.1   94.2      94.2    72.4       0         0        0
00:04:45 00:00:05   72.5    72.4   72.4   66.9   76.8   94.5      94.5    69.4       0         0        0
00:04:50 00:00:00   72.5    72.2   72.0   62.9   75.8   94.5      92.7    70.8       0         0        0
00:04:55 00:00:05   72.2    72.2   72.2   65.3   75.1   93.6      93.6    69.0       0         0        0
00:05:00 00:00:00   72.2    72.5   72.7   65.3   76.3   93.6      93.5    71.0       0         0        0
00:05:05 00:00:05   72.5    72.5   72.6   64.3   76.0   92.5      92.5    71.2       0         0        0
00:05:10 00:00:00   72.5    72.4   72.4   66.5   75.9   93.6      93.6    73.9       0         0        0
00:05:15 00:00:05   72.4    72.6   72.6   65.6   76.3   93.6      93.6    69.0       0         0        0
00:05:20 00:00:00   72.4    72.3   71.9   54.4   76.9   94.3      94.3    72.4       0         0        0
00:05:25 00:00:05   72.4    72.5   72.7   63.5   77.6   93.4      93.4    75.2       0         0        0
00:05:30 00:00:00   72.4    72.8   73.1   64.0   77.3   93.5      93.5    74.1       0         0        0
00:05:35 00:00:05   72.8    72.0   72.0   62.1   75.5   93.1      93.1    66.5       0         0        0
00:05:40 00:00:00   72.8    71.9   71.7   61.2   75.7   93.7      93.7    69.5       0         0        0
00:05:45 00:00:05   71.8    72.0   72.0   66.2   75.7   93.4      93.4    69.5       0         0        0
00:05:50 00:00:00   71.8    72.7   73.2   66.5   76.6   93.4      92.4    70.8       0         0        0
00:05:55 00:00:05   72.7    72.4   72.5   66.1   75.7   94.1      94.1    71.0       0         0        0
00:06:00 00:00:00   72.7    71.5   70.5   59.2   76.0   94.2      94.2    65.9       0         0        0
00:06:05 00:00:05   71.5    70.6   70.6   57.7   75.7   94.6      94.6    66.7       0         0        0
00:06:10 00:00:00   71.5    69.7   68.6   57.9   74.3   94.6      94.6    67.7       0         0        0
00:06:15 00:00:05   69.7    69.4   69.4   63.5   73.3   94.9      94.9    70.3       0         0        0
00:06:20 00:00:00   69.7    69.4   69.4   64.2   73.0   95.2      95.2    72.6       0         0        0
00:06:25 00:00:05   69.4    69.5   69.5   64.9   72.7   95.4      95.4    71.5       0         0        0
00:06:30 00:00:00   69.4    69.5   69.4   63.3   73.3   95.4      95.3    69.6       0         0        0
00:06:35 00:00:05   69.5    69.8   69.7   65.3   73.4   94.7      94.7    70.6       0         0        0
00:06:40 00:00:00   69.5    69.7   69.7   66.4   73.7   95.1      95.1    71.0       0         0        0
00:06:45 00:00:05   69.7    69.9   69.8   66.3   71.9   95.5      95.5    69.6       0         0        0
00:06:50 00:00:00   69.7    69.9   69.9   66.4   72.4   95.7      95.7    70.5       0         0        0
00:06:55 00:00:05   69.9    69.8   69.8   66.9   72.9   95.3      95.3    67.3       0         0        0
00:07:00 00:00:00   69.9    70.0   70.1   66.0   73.5   95.7      95.7    70.5       0         0        0
00:07:05 00:00:05   70.0    69.9   69.9   67.4   72.7   95.4      95.4    69.2       0         0        0
00:07:10 00:00:00   70.0    70.1   70.4   67.4   73.9   95.4      95.4    69.4       0         0        0
00:07:15 00:00:05   70.1    69.8   69.8   63.8   72.6   95.7      95.7    68.2       0         0        0
00:07:20 00:00:00   70.1    69.8   69.8   64.4   72.7   95.7      95.7    69.7       0         0        0
00:07:25 00:00:05   69.8    69.9   69.9   64.3   73.1   94.4      94.4    69.1       0         0        0
00:07:30 00:00:00   69.8    69.9   69.9   64.6   73.6   94.7      94.7    67.7       0         0        0
00:07:35 00:00:05   69.9    69.2   69.2   61.0   73.2   94.5      94.5    70.4       0         0        0
00:07:40 00:00:00   69.9    69.7   70.1   65.4   73.4   94.5      94.3    72.9       0         0        0
00:07:45 00:00:05   69.7    69.6   69.6   66.1   72.6   94.0      94.0    69.9       0         0        0
00:07:50 00:00:00   69.7    69.8   70.0   66.5   73.2   94.0      93.9    70.7       0         0        0
00:07:55 00:00:05   69.8    69.6   69.6   66.0   72.9   95.3      95.3    69.5       0         0        0
00:08:00 00:00:00   69.8    69.4   69.2   66.1   72.7   95.3      94.9    68.9       0         0        0
00:08:05 00:00:05   69.4    70.1   70.1   67.2   73.3   95.5      95.5    67.8       0         0        0
00:08:10 00:00:00   69.4    70.1   70.1   67.7   72.9   95.5      95.4    70.0       0         0        0
00:08:15 00:00:05   70.1    69.3   69.3   58.9   74.0   94.2      94.2    70.8       0         0        0
00:08:20 00:00:00   70.1    69.3   69.3   65.1   72.7   94.5      94.5    70.6       0         0        0
00:08:25 00:00:05   69.3    69.1   69.1   64.4   73.5   93.9      93.9    67.2       0         0        0
00:08:30 00:00:00   69.3    69.0   68.9   64.6   73.2   93.9      93.7    66.9       0         0        0
00:08:35 00:00:05   69.0    69.7   69.7   61.9   72.7   93.5      93.5    68.4       0         0        0
00:08:40 00:00:00   69.0    70.6   71.3   66.4   74.4   93.5      89.6    70.4       0         0        0
00:08:45 00:00:05   70.6    71.2   71.2   67.1   74.4   87.4      87.4    70.8       0         0        0
00:08:50 00:00:00   70.6    71.3   71.5   67.5   74.2   89.0      89.0    72.6       0         0        0
00:08:55 00:00:05   71.3    70.7   70.7   66.2   73.9   94.9      94.9    70.1       0         0        0
00:09:00 00:00:00   71.3    70.3   69.8   66.7   72.7   95.3      95.3    72.0       0         0        0
00:09:05 00:00:05   70.3    69.9   69.9   65.9   73.3   95.9      95.9    70.2       0         0        0
00:09:10 00:00:00   70.3    69.9   69.9   67.9   72.6   95.9      95.5    67.9       0         0        0
00:09:15 00:00:05   69.9    70.8   70.8   67.6   73.8   95.4      95.4    70.7       0         0        0
00:09:20 00:00:00   69.9    70.6   70.4   67.8   72.5   95.4      95.2    70.0       0         0        0
00:09:25 00:00:05   70.6    70.7   70.7   68.2   73.7   95.1      95.1    68.7       0         0        0
00:09:30 00:00:00   70.6    70.5   70.3   68.0   72.6   95.3      95.3    70.3       0         0        0
00:09:35 00:00:05   70.5    71.0   71.0   68.0   74.3   95.3      95.3    71.1       0         0        0
00:09:40 00:00:00   70.5    70.9   70.9   56.7   76.1   95.3      90.8    68.7       0         0        0
00:09:45 00:00:05   70.9    71.9   71.8   64.3   76.0   92.2      92.2    64.3       0         0        0
00:09:50 00:00:00   70.9    72.1   72.4   64.5   76.0   92.2      89.8    73.7       0         0        0
00:09:55 00:00:05   72.1    72.1   72.1   65.8   75.2   90.9      90.9    72.7       0         0        0
00:10:00 00:00:00   72.1    72.2   72.4   65.6   75.4   92.0      92.0    70.9       0         0        0
00:10:05 00:00:05   72.2    72.3   72.3   66.2   74.7   93.4      93.4    71.9       0         0        0
00:10:10 00:00:00   72.2    72.0   71.6   57.7   75.5   94.1      94.1    70.4       0         0        0
00:10:15 00:00:05   72.0    71.4   71.4   68.3   74.3   93.5      93.5    72.8       0         0        0
00:10:20 00:00:00   72.0    71.5   71.5   65.4   73.8   95.1      95.1    71.5       0         0        0
00:10:25 00:00:05   71.5    71.6   71.6   69.5   73.7   93.9      93.9    71.5       0         0        0
00:10:30 00:00:00   71.5    71.4   71.2   69.0   73.2   94.1      94.1    71.5       0         0        0
00:10:35 00:00:05   71.4    71.6   71.5   69.8   73.6   95.2      95.2    71.3       0         0        0
00:10:40 00:00:00   71.4    71.3   70.9   68.0   72.8   95.7      95.7    70.0       0         0        0
00:10:45 00:00:05   71.3    70.2   70.2   66.0   73.2   94.6      94.6    70.8       0         0        0
00:10:50 00:00:00   71.3    70.2   70.1   64.1   72.9   94.6      94.0    71.5       0         0        0
00:10:55 00:00:05   70.2    69.9   69.9   64.7   72.8   94.8      94.8    70.8       0         0        0
00:11:00 00:00:00   70.2    70.1   70.3   60.0   73.7   94.8      93.6    71.3       0         0        0
00:11:05 00:00:05   70.1    71.5   71.4   67.1   74.0   95.4      95.4    72.6       0         0        0
00:11:10 00:00:00   70.1    71.5   71.5   68.8   74.4   95.4      92.8    70.3       0         0        0
00:11:15 00:00:05   71.5    71.5   71.5   66.3   73.7   95.6      95.6    70.3       0         0        0
00:11:20 00:00:00   71.5    71.4   71.3   68.9   73.5   95.6      95.0    73.0       0         0        0
00:11:25 00:00:05   71.4    71.4   71.4   69.8   73.4   94.7      94.7    71.3       0         0        0
00:11:30 00:00:00   71.4    71.3   71.3   69.4   73.2   95.3      95.3    69.7       0         0        0
00:11:35 00:00:05   71.3    70.7   70.8   67.4   72.7   95.4      95.4    69.6       0         0        0
00:11:40 00:00:00   71.3    71.0   71.3   68.3   73.0   95.4      91.8    68.9       0         0        0
00:11:45 00:00:05   71.0    71.9   71.9   68.7   73.5   93.2      93.2    70.6       0         0        0
00:11:50 00:00:00   71.0    72.0   72.0   69.6   74.5   93.2      90.8    72.6       0         0        0
00:11:55 00:00:05   72.0    70.4   70.4   59.6   74.2   90.3      90.3    59.6       0         0        0
00:12:00 00:00:00   72.0    70.6   70.9   57.3   75.7   95.4      95.4    70.8       0         0        0
00:12:05 00:00:05   70.6    71.3   71.2   66.8   74.1   96.1      96.1    71.3       0         0        0
00:12:10 00:00:00   70.6    71.4   71.5   65.9   73.8   96.1      96.1    71.7       0         0        0
00:12:15 00:00:05   71.4    71.8   71.8   69.3   73.9   95.0      95.0    72.5       0         0        0
00:12:20 00:00:00   71.4    71.5   71.2   69.0   72.8   95.0      94.9    72.2       0         0        0
00:12:25 00:00:05   71.5    71.3   71.4   69.7   73.0   94.5      94.5    70.8       0         0        0
00:12:30 00:00:00   71.5    71.3   71.2   69.3   72.7   95.9      95.9    70.8       0         0        0
00:12:35 00:00:05   71.3    68.2   68.3   37.0   73.4   96.3      96.3    69.7       0         0        0
00:12:40 00:00:00   71.3    69.9   71.2   54.5   78.3   96.3      92.2    71.5       0         0        0
00:12:45 00:00:05   70.0    71.3   71.4   57.7   75.8   92.6      92.6    71.0       0         0        0
00:12:50 00:00:00   70.0    70.0   68.2   48.2   74.6   92.6      92.5    65.0       0         0        0
00:12:55 00:00:05   70.0    72.0   72.0   58.8   74.8   94.8      94.8    70.4       0         0        0
00:13:00 00:00:00   70.0    71.8   71.5   66.6   75.2   94.8      93.1    72.2       0         0        0
00:13:05 00:00:05   71.8    73.4   73.4   64.9   77.5   94.3      94.3    73.1       0         0        0
00:13:10 00:00:00   71.8    72.6   71.6   61.1   74.5   95.6      95.6    72.9       0         0        0
00:13:15 00:00:05   72.6    71.1   71.1   60.3   74.9   94.6      94.6    72.5       0         0        0
00:13:20 00:00:00   72.6    71.3   71.5   65.3   74.0   94.6      94.0    66.7       0         0        0
00:13:25 00:00:05   71.3    71.5   71.5   64.5   74.6   94.7      94.7    74.1       0         0        0
00:13:30 00:00:00   71.3    71.9   72.3   64.8   75.5   96.2      96.2    71.2       0         0        0
00:13:35 00:00:05   71.9    73.6   73.6   64.9   77.5   94.3      94.3    72.3       0         0        0
00:13:40 00:00:00   71.9    73.5   73.4   68.5   75.7   94.3      94.1    74.9       0         0        0
00:13:45 00:00:05   73.5    73.3   73.5   67.0   77.1   93.6      93.6    69.2       0         0        0
00:13:50 00:00:00   73.5    73.4   73.5   66.9   76.0   93.6      93.4    73.1       0         0        0
00:13:55 00:00:05   73.4    71.1   71.1   62.1   73.8   94.3      94.3    70.9       0         0        0
00:14:00 00:00:00   73.4    70.4   69.5   64.3   73.4   94.3      94.2    69.8       0         0        0
00:14:05 00:00:05   70.4    70.2   70.3   66.9   73.1   93.7      93.7    67.2       0         0        0
00:14:10 00:00:00   70.4    70.4   70.6   65.8   72.8   94.2      94.2    70.0       0         0        0
00:14:15 00:00:05   70.4    70.2   70.2   66.6   73.3   93.8      93.8    69.4       0         0        0
00:14:20 00:00:00   70.4    70.5   70.8   67.6   74.4   94.4      94.4    73.9       0         0        0
00:14:25 00:00:05   70.5    71.4   71.4   68.9   73.8   90.2      90.2    71.4       0         0        0
00:14:30 00:00:00   70.5    71.1   70.7   67.9   73.6   90.2      89.7    71.2       0         0        0
00:14:35 00:00:05   71.1    71.6   71.5   64.4   75.8   94.8      94.8    70.1       0         0        0
00:14:40 00:00:00   71.1    71.2   70.9   67.3   73.6   94.8      93.6    69.9       0         0        0
00:14:45 00:00:05   71.3    71.3   71.4   67.8   73.6   94.4      94.4    72.2       0         0        0
00:14:50 00:00:00   71.3    71.2   71.1   67.5   73.9   94.7      94.7    72.3       0         0        0
00:14:55 00:00:05   71.2    71.0   71.0   67.0   73.2   93.9      93.9    69.4       0         0        0
00:15:00 00:00:00   71.2    70.8   70.5   64.5   73.8   93.9      93.9    71.0       0         0        0
00:15:05 00:00:05   70.8    70.0   70.0   65.7   73.4   94.1      94.1    69.7       0         0        0
00:15:10 00:00:00   70.8    70.3   70.5   65.7   73.9   94.1      94.0    70.1       0         0        0
00:15:15 00:00:05   70.3    65.1   65.1   30.9   73.5   92.8      92.8    30.9       0         0        1
00:15:20 00:00:00   70.3    62.1   31.1   30.9   31.3   92.8      55.4    31.2       0         0        1
00:15:25 00:00:05   62.0    31.1   31.1   30.9   31.9   56.8      56.8    31.1       0         0        1
00:15:30 00:00:00   62.0    31.1   31.1   30.9   31.3   56.8      53.0    31.1       0         0        1
00:15:35 00:00:05   31.1    31.1   31.1   30.8   31.3   54.9      54.9    31.2       0         0        1
00:15:40 00:00:00   31.1    64.9   67.8   30.9   73.4   93.5      93.5    69.4       0         0        0
00:15:45 00:00:05   65.0    70.5   70.5   66.0   73.3   92.9      92.9    69.7       0         0        0
00:15:50 00:00:00   65.0    70.6   70.7   67.8   73.3   94.9      94.9    72.2       0         0        0
00:15:55 00:00:05   70.6    71.1   71.1   68.1   74.3   90.9      90.9    68.6       0         0        0
00:16:00 00:00:00   70.6    70.9   70.8   66.4   74.0   92.8      92.8    70.5       0         0        0
