Time     ActTimer PreLEQ LEQ[dB] LEQ_dt MIN_dt MAX_dt LcPeak LcPeak_dt SPL_Act OVER_dt OVER_Hold UNDER_dt
00:00:05 00:00:05    0.0    51.0   51.0   46.8   56.2   79.2      79.2    52.0       0         0        0
00:00:10 00:00:00    0.0    51.0   51.0   46.7   53.2   79.2      71.2    49.3       0         0        0
00:00:15 00:00:04   51.0    52.2   52.2   48.9   58.8   90.8      90.8    49.1       0         0        0
00:00:20 00:00:00   51.0    51.3   50.2   45.0   52.9   90.8      76.5    51.7       0         0        0
00:00:25 00:00:05   51.3    55.7   55.6   45.9   67.2   92.1      92.1    50.0       0         0        0
00:00:30 00:00:00   51.3    53.6   49.4   46.2   51.6   92.1      75.8    50.3       0         0        0
00:00:35 00:00:05   53.6    49.7   49.7   45.9   52.1   74.8      74.8    50.2       0         0        0
00:00:40 00:00:00   53.6    49.5   49.4   46.0   51.4   75.0      75.0    48.7       0         0        0
00:00:45 00:00:05   49.5    49.3   49.3   46.5   51.1   75.4      75.4    49.0       0         0        0
00:00:50 00:00:00   49.5    49.7   50.0   45.8   52.7   75.4      74.4    50.8       0         0        0
00:00:55 00:00:05   49.7    50.3   50.3   47.2   52.6   74.4      74.4    51.0       0         0        0
00:01:00 00:00:00   49.7    50.3   50.3   47.8   52.8   75.1      75.1    50.2       0         0        0
00:01:05 00:00:05   50.3    50.7   50.6   48.6   52.5   75.5      75.5    49.8       0         0        0
00:01:10 00:00:00   50.3    50.7   50.8   46.7   53.6   75.5      74.0    51.0       0         0        0
00:01:15 00:00:04   50.7    51.7   51.7   48.5   55.0   67.5      67.5    51.0       0         0        0
00:01:20 00:00:00   50.7    51.3   50.9   47.5   54.0   67.5      67.3    48.2       0         0        0
00:01:25 00:00:05   51.3    48.3   48.3   32.7   53.1   69.9      69.9    49.6       0         0        0
00:01:30 00:00:00   51.3    48.1   47.9   32.9   52.4   70.5      70.5    48.5       0         0        0
00:01:35 00:00:05   48.1    49.5   49.5   41.5   53.4   71.8      71.8    46.1       0         0        0
00:01:40 00:00:00   48.1    50.2   50.7   38.3   53.2   74.4      74.4    52.2       0         0        0
00:01:45 00:00:05   50.2    50.7   50.7   48.4   53.2   74.8      74.8    51.0       0         0        0
00:01:50 00:00:00   50.2    50.6   50.5   47.8   52.4   74.8      74.6    50.3       0         0        0
00:01:55 00:00:05   50.6    50.6   50.6   48.9   52.4   75.4      75.4    49.7       0         0        0
00:02:00 00:00:00   50.6    50.7   50.7   47.2   53.0   75.4      74.1    51.2       0         0        0
00:02:05 00:00:05   50.6    50.7   50.7   48.4   52.7   74.2      74.2    50.3       0         0        0
00:02:10 00:00:00   50.6    50.8   51.0   48.4   53.1   74.6      74.6    51.2       0         0        0
00:02:15 00:00:04   50.8    50.6   50.6   48.4   52.9   75.4      75.4    49.8       0         0        0
00:02:20 00:00:00   50.8    50.6   50.6   47.6   52.5   75.4      74.6    51.9       0         0        0
00:02:25 00:00:05   50.6    51.3   51.3   47.3   53.9   70.5      70.5    48.5       0         0        0
00:02:30 00:00:00   50.6    51.2   51.1   43.4   54.4   71.4      71.4    52.0       0         0        0
00:02:35 00:00:05   51.2    51.2   51.2   46.6   54.4   71.0      71.0    49.2       0         0        0
00:02:40 00:00:00   51.2    51.0   50.7   43.3   54.5   73.5      73.5    51.4       0         0        0
00:02:45 00:00:05   51.0    50.0   50.0   44.2   53.2   72.9      72.9    50.0       0         0        0
00:02:50 00:00:00   51.0    50.6   51.2   46.2   53.5   74.0      74.0    51.9       0         0        0
00:02:55 00:00:05   50.6    49.7   49.7   44.6   53.3   73.3      73.3    50.0       0         0        0
00:03:00 00:00:00   50.6    49.8   50.0   44.4   53.1   73.6      73.6    46.6       0         0        0
00:03:05 00:00:05   49.8    50.0   49.9   43.9   53.6   73.0      73.0    44.0       0         0        0
00:03:10 00:00:00   49.8    50.0   49.9   43.0   54.5   73.0      72.8    50.5       0         0        0
00:03:15 00:00:04   50.0    50.3   50.3   43.3   53.5   72.2      72.2    49.6       0         0        0
00:03:20 00:00:00   50.0    50.4   50.5   47.8   52.7   73.2      73.2    51.5       0         0        0
00:03:25 00:00:05   50.4    50.6   50.6   47.5   53.2   73.9      73.9    49.9       0         0        0
00:03:30 00:00:00   50.4    50.4   50.2   47.3   52.5   73.9      72.9    51.1       0         0        0
00:03:35 00:00:05   50.4    50.4   50.4   47.1   53.0   73.1      73.1    50.7       0         0        0
00:03:40 00:00:00   50.4    50.5   50.6   47.2   53.2   74.2      74.2    48.2       0         0        0
00:03:45 00:00:05   50.5    50.5   50.5   47.2   52.8   73.8      73.8    51.3       0         0        0
00:03:50 00:00:00   50.5    50.4   50.3   47.9   52.5   73.8      72.3    50.7       0         0        0
00:03:55 00:00:05   50.4    50.3   50.3   47.7   52.4   73.6      73.6    51.0       0         0        0
00:04:00 00:00:00   50.4    50.4   50.4   46.0   52.9   73.6      72.0    48.7       0         0        0
00:04:05 00:00:05   50.4    51.1   51.1   46.8   54.5   73.0      73.0    51.4       0         0        0
00:04:10 00:00:00   50.4    50.7   50.3   45.8   53.9   73.3      73.3    49.8       0         0        0
00:04:15 00:00:04   50.7    51.6   51.6   46.7   54.5   73.5      73.5    51.0       0         0        0
00:04:20 00:00:00   50.7    51.2   50.8   41.7   57.3   73.5      73.3    50.7       0         0        0
00:04:25 00:00:05   51.2    49.7   49.7   45.1   54.2   73.4      73.4    47.2       0         0        0
00:04:30 00:00:00   51.2    49.9   50.2   44.2   54.1   73.4      72.6    51.8       0         0        0
00:04:35 00:00:05   49.9    48.9   48.9   43.1   52.8   73.6      73.6    43.1       0         0        0
00:04:40 00:00:00   49.9    49.6   50.3   41.2   53.7   73.6      72.0    49.8       0         0        0
00:04:45 00:00:05   49.7    50.5   50.5   47.0   53.0   74.5      74.5    48.6       0         0        0
00:04:50 00:00:00   49.7    50.5   50.5   47.1   53.0   74.5      73.8    50.6       0         0        0
00:04:55 00:00:05   50.5    50.5   50.5   48.7   52.7   73.3      73.3    50.3       0         0        0
00:05:00 00:00:00   50.5    50.4   50.4   47.6   52.5   73.3      73.0    49.6       0         0        0
00:05:05 00:00:05   50.4    50.7   50.7   47.6   54.4   73.7      73.7    50.7       0         0        0
00:05:10 00:00:00   50.4    51.3   51.8   48.5   55.7   73.7      68.6    51.5       0         0        0
00:05:15 00:00:04   51.3    51.6   51.6   48.0   54.6   71.2      71.2    51.9       0         0        0
00:05:20 00:00:00   51.3    51.4   51.2   48.2   54.5   71.9      71.9    49.1       0         0        0
00:05:25 00:00:05   51.4    49.5   49.5   44.9   52.2   72.7      72.7    51.7       0         0        0
00:05:30 00:00:00   51.4    50.0   50.5   47.7   53.0   74.6      74.6    50.4       0         0        0
00:05:35 00:00:05   50.0    50.6   50.6   47.0   53.0   74.1      74.1    51.1       0         0        0
00:05:40 00:00:00   50.0    50.4   50.2   46.8   53.1   74.1      72.9    48.9       0         0        0
00:05:45 00:00:05   50.4    50.7   50.7   48.1   52.8   72.5      72.5    50.6       0         0        0
00:05:50 00:00:00   50.4    50.8   50.9   47.6   53.0   72.9      72.9    50.5       0         0        0
00:05:55 00:00:05   50.8    50.8   50.7   48.1   53.2   72.8      72.8    52.0       0         0        0
00:06:00 00:00:00   50.8    50.1   49.4   43.4   52.7   72.8      72.2    47.8       0         0        0
00:06:05 00:00:05   50.1    50.4   50.4   35.4   56.0   71.2      71.2    47.7       0         0        0
00:06:10 00:00:00   50.1    49.3   47.9   33.0   51.8   71.2      68.0    48.5       0         0        0
00:06:15 00:00:04   49.3    50.3   50.2   42.9   53.8   68.6      68.6    50.0       0         0        0
00:06:20 00:00:00   49.3    50.3   50.3   44.4   53.8   68.6      67.6    49.8       0         0        0
00:06:25 00:00:05   50.2    50.5   50.5   45.1   52.8   74.2      74.2    51.6       0         0        0
00:06:30 00:00:00   50.2    50.3   50.2   46.3   52.5   74.8      74.8    50.4       0         0        0
00:06:35 00:00:05   50.4    50.0   50.1   46.2   52.5   74.7      74.7    48.8       0         0        0
00:06:40 00:00:00   50.4    49.8   49.5   45.5   52.1   74.7      74.4    48.5       0         0        0
00:06:45 00:00:05   49.8    50.0   50.0   41.3   52.9   74.4      74.4    52.4       0         0        0
00:06:50 00:00:00   49.8    50.0   50.1   47.6   52.3   74.5      74.5    51.1       0         0        0
00:06:55 00:00:05   50.0    50.1   50.1   47.1   52.3   74.7      74.7    50.9       0         0        0
00:07:00 00:00:00   50.0    50.2   50.2   48.0   52.4   74.7      74.6    50.1       0         0        0
00:07:05 00:00:05   50.2    50.5   50.5   47.3   52.8   74.7      74.7    49.8       0         0        0
00:07:10 00:00:00   50.2    50.6   50.7   48.3   52.5   74.7      74.2    51.9       0         0        0
00:07:15 00:00:04   50.6    50.4   50.4   47.0   52.7   74.7      74.7    52.7       0         0        0
00:07:20 00:00:00   50.6    50.5   50.5   48.8   52.9   74.9      74.9    51.0       0         0        0
00:07:25 00:00:05   50.5    51.0   51.0   47.4   54.7   74.7      74.7    52.6       0         0        0
00:07:30 00:00:00   50.5    51.0   50.9   48.4   52.6   74.7      74.2    51.1       0         0        0
00:07:35 00:00:05   51.0    51.0   51.0   48.6   52.7   74.4      74.4    51.4       0         0        0
00:07:40 00:00:00   51.0    50.6   50.1   44.0   52.1   74.4      73.7    47.6       0         0        0
00:07:45 00:00:05   50.5    50.0   50.0   44.4   51.9   70.5      70.5    50.4       0         0        0
00:07:50 00:00:00   50.5    50.1   50.3   42.7   53.8   74.9      74.9    50.6       0         0        0
00:07:55 00:00:05   50.1    50.5   50.4   47.7   52.2   74.2      74.2    50.7       0         0        0
00:08:00 00:00:00   50.1    50.4   50.4   48.2   53.1   74.3      74.3    50.0       0         0        0
00:08:05 00:00:05   50.4    50.5   50.5   47.5   52.6   74.5      74.5    49.9       0         0        0
00:08:10 00:00:00   50.4    50.5   50.5   47.6   52.1   74.5      74.2    51.2       0         0        0
00:08:15 00:00:04   50.5    50.6   50.6   47.6   52.7   74.8      74.8    50.4       0         0        0
00:08:20 00:00:00   50.5    50.6   50.5   44.3   53.5   74.8      74.5    50.5       0         0        0
00:08:25 00:00:05   50.5    50.6   50.6   46.1   52.8   73.9      73.9    50.7       0         0        0
00:08:30 00:00:00   50.5    50.7   50.7   47.7   52.9   74.4      74.4    51.1       0         0        0
00:08:35 00:00:05   50.6    50.4   50.4   48.6   52.1   74.5      74.5    49.6       0         0        0
00:08:40 00:00:00   50.6    50.3   50.2   47.5   51.9   74.8      74.8    51.4       0         0        0
00:08:45 00:00:05   50.3    50.7   50.7   48.2   52.9   74.3      74.3    51.2       0         0        0
00:08:50 00:00:00   50.3    50.5   50.4   47.4   52.8   74.6      74.6    51.8       0         0        0
00:08:55 00:00:05   50.6    50.5   50.5   47.8   52.1   74.4      74.4    50.2       0         0        0
00:09:00 00:00:00   50.6    50.5   50.5   47.3   52.6   75.2      75.2    50.5       0         0        0
00:09:05 00:00:05   50.5    50.9   50.9   48.6   52.6   74.5      74.5    51.2       0         0        0
00:09:10 00:00:00   50.5    50.6   50.2   46.5   52.6   74.5      74.1    47.7       0         0        0
00:09:15 00:00:04   50.6    50.5   50.4   46.9   53.7   70.4      70.4    50.8       0         0        0
00:09:20 00:00:00   50.6    51.1   51.8   48.2   55.4   71.4      71.4    50.7       0         0        0
00:09:25 00:00:05   51.1    50.3   50.3   47.6   52.3   71.2      71.2    51.5       0         0        0
00:09:30 00:00:00   51.1    50.1   49.9   46.0   52.8   71.2      70.8    50.3       0         0        0
00:09:35 00:00:05   50.1    50.3   50.2   46.4   53.6   70.9      70.9    51.5       0         0        0
00:09:40 00:00:00   50.1    50.5   50.7   45.3   54.2   74.0      74.0    48.5       0         0        0
00:09:45 00:00:05   50.5    51.0   51.0   42.5   53.9   72.8      72.8    51.0       0         0        0
00:09:50 00:00:00   50.5    50.8   50.5   46.2   53.6   72.8      72.3    50.5       0         0        0
00:09:55 00:00:05   50.8    49.6   49.6   44.9   51.9   71.7      71.7    47.3       0         0        0
00:10:00 00:00:00   50.8    50.2   50.8   43.8   54.2   73.0      73.0    49.4       0         0        0
00:10:05 00:00:05   50.2    50.8   50.8   44.5   55.0   71.8      71.8    45.3       0         0        0
00:10:10 00:00:00   50.2    50.7   50.5   44.5   54.1   71.8      71.4    45.3       0         0        0
00:10:15 00:00:04   50.7    50.4   50.5   44.4   55.2   73.3      73.3    51.4       0         0        0
00:10:20 00:00:00   50.7    50.7   50.9   43.1   54.6   73.3      71.2    51.9       0         0        0
00:10:25 00:00:05   50.7    50.5   50.5   43.4   55.0   71.9      71.9    54.5       0         0        0
00:10:30 00:00:00   50.7    50.2   49.9   43.4   55.2   72.2      72.2    51.3       0         0        0
00:10:35 00:00:05   50.2    49.6   49.5   43.0   55.0   73.1      73.1    44.8       0         0        0
00:10:40 00:00:00   50.2    50.3   51.0   46.3   54.1   73.1      72.5    52.0       0         0        0
00:10:45 00:00:05   50.3    51.0   51.0   43.2   55.1   72.6      72.6    54.6       0         0        0
00:10:50 00:00:00   50.3    50.6   50.2   43.6   54.4   72.6      71.8    53.4       0         0        0
00:10:55 00:00:05   50.7    50.7   50.8   44.3   55.4   72.0      72.0    50.8       0         0        0
00:11:00 00:00:00   50.7    50.6   50.5   44.3   55.7   72.0      71.7    50.3       0         0        0
00:11:05 00:00:05   50.6    50.4   50.4   48.4   52.4   73.0      73.0    50.3       0         0        0
00:11:10 00:00:00   50.6    51.0   51.6   47.9   53.6   73.0      71.7    51.3       0         0        0
00:11:15 00:00:04   51.0    49.9   50.0   44.7   53.6   71.0      71.0    49.8       0         0        0
00:11:20 00:00:00   51.0    49.9   49.9   45.2   54.1   72.3      72.3    49.4       0         0        0
00:11:25 00:00:05   49.9    50.9   50.9   42.9   53.7   74.5      74.5    50.7       0         0        0
00:11:30 00:00:00   49.9    50.5   50.1   42.9   54.2   74.5      72.8    42.9       0         0        0
00:11:35 00:00:05   50.5    51.4   51.4   36.9   56.0   70.0      70.0    36.9       0         0        0
00:11:40 00:00:00   50.5    51.4   51.4   35.4   55.5   72.2      72.2    49.3       0         0        0
00:11:45 00:00:05   51.4    50.7   50.7   45.4   54.6   71.4      71.4    47.2       0         0        0
00:11:50 00:00:00   51.4    50.5   50.2   41.6   53.2   71.4      71.3    50.7       0         0        0
00:11:55 00:00:05   50.5    50.0   50.0   37.5   55.1   72.0      72.0    50.4       0         0        0
00:12:00 00:00:00   50.5    51.1   52.1   44.9   56.2   72.0      70.0    50.4       0         0        0
00:12:05 00:00:05   51.1    50.4   50.4   42.6   53.9   71.8      71.8    48.9       0         0        0
00:12:10 00:00:00   51.1    50.0   49.4   37.6   54.0   72.8      72.8    50.5       0         0        0
00:12:15 00:00:04   50.0    49.6   49.6   38.8   54.5   74.3      74.3    48.7       0         0        0
00:12:20 00:00:00   50.0    49.1   48.5   43.3   52.5   75.0      75.0    48.9       0         0        0
00:12:25 00:00:05   49.1    48.2   48.2   42.1   52.1   73.8      73.8    49.8       0         0        0
00:12:30 00:00:00   49.1    48.4   48.6   43.7   52.1   74.2      74.2    47.0       0         0        0
00:12:35 00:00:05   48.4    49.2   49.1   45.5   51.6   74.5      74.5    45.7       0         0        0
00:12:40 00:00:00   48.4    49.3   49.4   44.1   52.8   74.5      72.6    48.4       0         0        0
00:12:45 00:00:05   49.3    49.7   49.7   42.2   53.7   69.1      69.1    45.2       0         0        0
00:12:50 00:00:00   49.3    50.1   50.5   45.2   54.0   70.0      70.0    45.9       0         0        0
00:12:55 00:00:05   50.1    50.3   50.2   44.5   52.8   69.3      69.3    50.2       0         0        0
00:13:00 00:00:00   50.1    50.4   50.5   47.8   52.8   74.5      74.5    51.3       0         0        0
00:13:05 00:00:05   50.4    50.3   50.3   46.1   52.8   74.8      74.8    50.0       0         0        0
00:13:10 00:00:00   50.4    50.2   50.0   45.5   53.6   75.1      75.1    49.0       0         0        0
00:13:15 00:00:04   50.1    48.4   48.4   40.2   52.6   74.3      74.3    47.7       0         0        0
00:13:20 00:00:00   50.1    48.5   48.6   41.4   52.5   74.6      74.6    48.1       0         0        0
00:13:25 00:00:05   48.5    49.0   49.0   43.8   52.1   74.3      74.3    48.9       0         0        0
00:13:30 00:00:00   48.5    49.1   49.3   45.8   52.3   74.5      74.5    47.1       0         0        0
00:13:35 00:00:05   49.1    49.9   49.8   44.9   53.9   70.1      70.1    49.3       0         0        0
00:13:40 00:00:00   49.1    49.6   49.4   44.5   54.2   70.1      69.5    52.1       0         0        0
00:13:45 00:00:05   49.6    50.1   50.1   45.6   52.8   68.3      68.3    52.0       0         0        0
00:13:50 00:00:00   49.6    50.2   50.3   46.9   53.3   70.2      70.2    50.8       0         0        0
00:13:55 00:00:05   50.2    50.3   50.3   46.4   52.7   74.8      74.8    49.8       0         0        0
00:14:00 00:00:00   50.2    50.3   50.3   47.0   52.9   75.3      75.3    47.3       0         0        0
00:14:05 00:00:05   50.3    50.8   50.8   46.1   53.7   74.5      74.5    49.2       0         0        0
00:14:10 00:00:00   50.3    50.7   50.6   46.7   52.7   74.5      73.8    50.8       0         0        0
00:14:15 00:00:04   50.7    50.4   50.4   44.9   53.6   74.5      74.5    52.2       0         0        0
00:14:20 00:00:00   50.7    50.4   50.4   43.0   53.4   74.5      71.0    51.6       0         0        0
00:14:25 00:00:05   50.4    47.3   47.2   33.5   52.4   71.9      71.9    49.6       0         0        0
00:14:30 00:00:00   50.4    49.0   50.2   40.3   54.2   74.8      74.8    51.0       0         0        0
00:14:35 00:00:05   49.0    50.3   50.3   47.6   52.3   75.5      75.5    47.9       0         0        0
00:14:40 00:00:00   49.0    50.5   50.7   47.2   53.4   75.5      74.3    50.0       0         0        0
00:14:45 00:00:05   50.5    50.9   50.8   47.0   53.5   74.4      74.4    52.3       0         0        0
00:14:50 00:00:00   50.5    50.4   49.9   41.6   54.0   74.4      72.9    49.6       0         0        0
00:14:55 00:00:05   50.4    49.7   49.7   43.6   53.5   73.1      73.1    48.5       0         0        0
00:15:00 00:00:00   50.4    49.7   49.8   41.3   52.8   73.1      72.3    52.3       0         0        0
00:15:05 00:00:05   49.7    47.5   47.6   33.4   53.1   74.1      74.1    51.2       0         0        0
00:15:10 00:00:00   49.7    48.6   49.4   44.5   52.2   74.1      73.0    49.1       0         0        0
00:15:15 00:00:04   48.6    50.1   50.1   45.6   53.2   73.3      73.3    47.6       0         0        0
00:15:20 00:00:00   48.6    49.2   48.0   39.2   52.2   73.3      73.1    43.9       0         0        0
00:15:25 00:00:05   49.2    49.2   49.2   40.0   51.7   73.1      73.1    48.2       0         0        0
00:15:30 00:00:00   49.2    49.5   49.7   43.4   51.8   73.2      73.2    49.7       0         0        0
00:15:35 00:00:05   49.5    49.1   49.1   43.3   51.6   72.4      72.4    49.9       0         0        0
00:15:40 00:00:00   49.5    49.5   50.0   43.3   53.2   73.3      73.3    53.1       0         0        0
00:15:45 00:00:05   49.6    49.2   49.3   41.9   52.9   72.7      72.7    50.2       0         0        0
00:15:50 00:00:00   49.6    49.3   49.4   42.3   52.2   73.2      73.2    50.9       0         0        0
00:15:55 00:00:05   49.3    50.0   50.0   43.6   53.3   73.7      73.7    50.4       0         0        0
00:16:00 00:00:00   49.3    49.7   49.4   40.1   52.8   73.7      73.4    49.7       0         0        0
