Time     ActTimer PreLEQ LEQ[dB] LEQ_dt MIN_dt MAX_dt LcPeak LcPeak_dt SPL_Act OVER_dt OVER_Hold UNDER_dt
00:00:05 00:00:05    0.0    61.7   61.7   58.0   63.8   77.7      77.7    59.1       0         0        0
00:00:10 00:00:00    0.0    61.6   61.6   56.6   66.5   79.9      79.9    63.9       0         0        0
00:00:15 00:00:05   61.6    61.8   61.8   56.9   63.9   78.8      78.8    62.5       0         0        0
00:00:20 00:00:10   61.7    61.7   61.5   58.1   64.2   64.2      64.2    60.4       0         0        0
00:00:25 00:00:05   61.7    61.6   61.6   56.1   64.4   79.5      79.5    61.5       0         0        0
00:00:30 00:00:10   61.6    61.6   61.5   57.4   64.1   71.2      71.2    62.5       0         0        0
00:00:35 00:00:05   61.6    61.3   61.3   56.1   64.3   84.7      84.7    59.5       0         0        0
00:00:40 00:00:00   61.6    61.4   61.5   57.4   67.5   90.8      90.8    62.0       0         0        0
00:00:45 00:00:05   61.4    61.2   61.2   58.3   63.2   83.5      83.5    61.9       0         0        0
00:00:50 00:00:10   61.2    61.2   61.2   56.3   63.5   68.5      68.5    61.7       0         0        0
00:00:55 00:00:05   61.2    61.0   61.0   59.2   63.1   83.1      83.1    60.3       0         0        0
00:01:00 00:00:00   61.2    61.1   61.2   59.1   63.2   83.5      83.5    59.8       0         0        0
00:01:05 00:00:05   61.1    61.2   61.3   59.1   63.6   84.2      84.2    61.5       0         0        0
00:01:10 00:00:10   61.5    61.5   61.7   57.8   64.8   68.8      68.8    62.4       0         0        0
00:01:15 00:00:05   61.5    62.0   62.0   59.9   63.9   80.1      80.1    61.3       0         0        0
00:01:20 00:00:10   62.0    62.0   62.0   53.3   63.8   69.8      69.8    60.5       0         0        0
00:01:25 00:00:05   62.0    61.3   61.3   60.0   62.7   83.8      83.8    60.9       0         0        0
00:01:30 00:00:10   61.6    61.6   61.8   60.5   63.1   72.5      72.5    62.9       0         0        0
00:01:35 00:00:05   61.6    62.4   62.4   58.2   64.7   83.2      83.2    60.7       0         0        0
00:01:40 00:00:10   61.6    61.6   60.7   58.6   62.4   71.3      71.3    58.7       0         0        0
00:01:45 00:00:05   61.6    60.5   60.5   58.3   61.9   84.1      84.1    61.6       0         0        0
00:01:50 00:00:00   61.6    60.8   61.0   58.8   62.8   84.1      83.6    61.2       0         0        0
00:01:55 00:00:05   60.8    60.4   60.4   58.7   62.4   83.7      83.7    59.4       0         0        0
00:02:00 00:00:00   60.8    60.4   60.4   58.5   62.1   83.9      83.9    60.8       0         0        0
00:02:05 00:00:05   60.4    61.6   61.6   59.2   63.4   83.7      83.7    62.8       0         0        0
00:02:10 00:00:10   61.2    61.2   60.9   40.8   66.3   68.7      68.7    62.5       0         0        0
00:02:15 00:00:05   61.2    60.7   60.7   56.1   64.1   81.7      81.7    57.9       0         0        0
00:02:20 00:00:00   61.2    60.4   60.1   53.1   65.9   82.6      82.6    57.4       0         0        0
00:02:25 00:00:05   60.4    61.4   61.4   46.7   66.6   81.4      81.4    60.3       0         0        0
00:02:30 00:00:10   61.2    61.2   61.0   52.5   66.8   55.4      55.4    57.8       0         0        0
00:02:35 00:00:05   61.2    61.3   61.3   48.7   67.5   81.5      81.5    57.2       0         0        0
00:02:40 00:00:00   61.2    61.2   61.1   40.9   65.1   81.5      80.6    61.6       0         0        0
00:02:45 00:00:05   61.2    60.7   60.8   47.7   65.0   80.9      80.9    63.2       0         0        0
00:02:50 00:00:00   61.2    60.5   60.3   39.7   65.7   81.2      81.2    57.6       0         0        0
00:02:55 00:00:05   60.5    60.8   60.8   50.2   63.9   80.5      80.5    61.8       0         0        0
00:03:00 00:00:00   60.5    60.8   60.8   46.4   65.0   80.7      80.7    51.8       0         0        0
00:03:05 00:00:05   60.8    60.7   60.6   43.6   65.2   80.6      80.6    58.7       0         0        0
00:03:10 00:00:10   60.4    60.4   60.0   50.9   65.3   57.9      57.9    57.6       0         0        0
00:03:15 00:00:05   60.4    60.8   60.8   47.0   65.2   81.1      81.1    61.1       0         0        0
00:03:20 00:00:00   60.4    60.7   60.6   40.3   65.0   81.1      81.0    63.4       0         0        0
00:03:25 00:00:05   60.7    60.7   60.7   47.0   65.1   81.4      81.4    58.6       0         0        0
00:03:30 00:00:10   60.9    60.9   61.1   45.2   65.9   63.2      63.2    56.7       0         0        0
00:03:35 00:00:05   60.9    60.4   60.4   46.8   64.3   81.5      81.5    61.3       0         0        0
00:03:40 00:00:00   60.9    60.5   60.6   43.1   65.3   81.7      81.7    62.1       0         0        0
00:03:45 00:00:05   60.5    60.4   60.4   42.5   66.7   81.5      81.5    59.1       0         0        0
00:03:50 00:00:00   60.5    60.2   60.1   42.7   64.3   82.8      82.8    60.9       0         0        0
00:03:55 00:00:05   60.2    60.2   60.2   51.9   62.5   81.2      81.2    59.9       0         0        0
00:04:00 00:00:00   60.2    60.7   61.0   57.5   64.3   81.2      80.8    62.7       0         0        0
00:04:05 00:00:05   60.7    59.1   59.2   50.7   62.7   79.3      79.3    60.7       0         0        0
00:04:10 00:00:10   59.3    59.3   59.5   52.1   63.2   68.0      68.0    59.4       0         0        0
00:04:15 00:00:05   59.3    60.6   60.6   56.6   63.6   84.1      84.1    56.6       0         0        0
00:04:20 00:00:00   59.3    60.3   59.8   55.2   62.7   84.5      84.5    59.5       0         0        0
00:04:25 00:00:05   60.3    59.6   59.6   54.9   62.8   84.4      84.4    56.5       0         0        0
00:04:30 00:00:10   59.5    59.5   59.3   54.1   61.8   75.2      75.2    57.7       0         0        0
00:04:35 00:00:05   59.5    60.2   60.2   57.0   62.9   83.3      83.3    60.9       0         0        0
00:04:40 00:00:00   59.5    60.8   61.4   56.4   63.8   84.3      84.3    60.0       0         0        0
00:04:45 00:00:05   60.8    60.4   60.5   57.6   62.8   83.8      83.8    59.3       0         0        0
00:04:50 00:00:00   60.8    60.3   60.1   56.7   62.5   84.5      84.5    60.2       0         0        0
00:04:55 00:00:05   60.3    60.8   60.8   57.2   63.0   83.6      83.6    61.0       0         0        0
00:05:00 00:00:00   60.3    60.8   60.8   57.8   63.7   83.7      83.7    58.5       0         0        0
00:05:05 00:00:05   60.8    60.3   60.3   57.4   62.2   84.3      84.3    59.1       0         0        0
00:05:10 00:00:10   60.5    60.5   60.8   58.4   63.1   65.6      65.6    61.3       0         0        0
00:05:15 00:00:05   60.5    60.8   60.8   57.9   63.0   83.8      83.8    59.2       0         0        0
00:05:20 00:00:00   60.5    60.2   59.5   53.8   61.9   84.7      84.7    58.9       0         0        0
00:05:25 00:00:05   60.2    60.1   60.1   56.4   62.7   85.1      85.1    56.9       0         0        0
00:05:30 00:00:10   59.8    59.8   59.5   52.7   62.3   59.4      59.4    59.6       0         0        0
00:05:35 00:00:05   59.8    60.8   60.8   57.6   63.0   85.2      85.2    60.9       0         0        0
00:05:40 00:00:00   59.8    60.4   60.0   56.5   62.3   85.2      84.8    57.3       0         0        0
00:05:45 00:00:05   60.4    59.8   59.8   56.8   62.1   84.0      84.0    59.6       0         0        0
00:05:50 00:00:00   60.4    59.8   59.8   56.6   62.0   84.0      82.0    60.5       0         0        0
00:05:55 00:00:05   59.9    60.8   60.9   57.5   62.9   78.9      78.9    60.3       0         0        0
00:06:00 00:00:00   59.9    61.1   61.4   56.4   64.6   84.6      84.6    59.6       0         0        0
00:06:05 00:00:05   61.1    60.9   60.9   58.6   63.2   84.9      84.9    61.9       0         0        0
00:06:10 00:00:10   60.8    60.8   60.8   57.7   63.1   66.7      66.7    59.9       0         0        0
00:06:15 00:00:05   60.8    60.8   60.8   58.0   62.8   84.8      84.8    58.8       0         0        0
00:06:20 00:00:00   60.8    60.7   60.7   58.0   62.5   84.8      84.5    60.8       0         0        0
00:06:25 00:00:05   60.8    59.2   59.3   52.2   62.4   81.1      81.1    62.4       0         0        0
00:06:30 00:00:10   59.5    59.5   59.7   55.6   63.3   65.9      65.9    58.7       0         0        0
00:06:35 00:00:05   59.5    61.2   61.2   43.5   64.8   83.6      83.6    62.8       0         0        0
00:06:40 00:00:00   59.5    61.2   61.1   57.6   63.7   83.8      83.8    60.3       0         0        0
00:06:45 00:00:05   61.2    60.7   60.8   58.5   62.7   83.3      83.3    60.1       0         0        0
00:06:50 00:00:00   61.2    60.8   61.0   58.1   63.0   83.6      83.6    58.1       0         0        0
00:06:55 00:00:05   60.9    61.2   61.2   57.9   63.0   83.3      83.3    61.7       0         0        0
00:07:00 00:00:00   60.9    60.9   60.5   49.6   62.5   83.3      83.2    49.6       0         0        0
00:07:05 00:00:05   60.8    61.0   60.9   46.7   63.0   78.9      78.9    62.8       0         0        0
00:07:10 00:00:10   61.0    61.0   61.1   49.6   64.0   62.5      62.5    56.8       0         0        0
00:07:15 00:00:05   61.0    61.7   61.7   56.5   64.3   81.8      81.8    56.5       0         0        0
00:07:20 00:00:00   61.0    60.0   57.2   50.4   62.4   84.5      84.5    56.8       0         0        0
00:07:25 00:00:05   60.1    57.8   58.0   51.0   62.4   84.1      84.1    60.0       0         0        0
00:07:30 00:00:10   58.5    58.5   59.1   52.8   63.0   64.7      64.7    62.2       0         0        0
00:07:35 00:00:05   58.5    58.8   58.8   53.6   62.6   83.5      83.5    56.9       0         0        0
00:07:40 00:00:00   58.5    59.1   59.3   51.6   63.5   85.1      85.1    58.3       0         0        0
00:07:45 00:00:05   59.0    59.6   59.6   55.8   62.6   84.1      84.1    59.0       0         0        0
00:07:50 00:00:00   59.0    59.6   59.7   55.3   63.0   84.1      83.9    59.5       0         0        0
00:07:55 00:00:05   59.6    59.1   59.1   54.5   63.2   84.8      84.8    58.0       0         0        0
00:08:00 00:00:00   59.6    59.7   60.2   56.7   63.2   84.8      82.6    59.4       0         0        0
00:08:05 00:00:05   59.7    60.5   60.5   56.7   63.3   84.6      84.6    62.5       0         0        0
00:08:10 00:00:10   60.2    60.2   59.9   56.2   62.4   68.4      68.4    59.5       0         0        0
00:08:15 00:00:05   60.2    59.8   59.8   56.7   62.9   82.8      82.8    60.0       0         0        0
00:08:20 00:00:00   60.2    60.0   60.1   55.8   63.6   83.7      83.7    61.0       0         0        0
00:08:25 00:00:05   60.0    59.6   59.6   55.0   63.2   84.3      84.3    63.1       0         0        0
00:08:30 00:00:10   59.4    59.4   59.2   54.4   63.1   72.2      72.2    59.6       0         0        0
00:08:35 00:00:05   59.4    59.7   59.7   56.1   63.3   82.6      82.6    61.3       0         0        0
00:08:40 00:00:00   59.4    59.8   60.0   51.9   63.0   83.0      83.0    57.1       0         0        0
00:08:45 00:00:05   59.8    60.0   59.9   56.7   63.0   85.1      85.1    60.3       0         0        0
00:08:50 00:00:00   59.8    59.7   59.5   55.8   63.5   85.1      83.6    57.0       0         0        0
00:08:55 00:00:05   59.7    59.7   59.7   52.7   62.8   83.3      83.3    60.4       0         0        0
00:09:00 00:00:00   59.7    59.5   59.4   54.9   62.6   83.9      83.9    59.1       0         0        0
00:09:05 00:00:05   59.5    59.1   59.1   54.5   63.2   84.8      84.8    59.2       0         0        0
00:09:10 00:00:10   59.8    59.8   60.4   56.7   62.9   83.6      83.6    60.4       0         0        0
00:09:15 00:00:05   59.8    60.5   60.5   56.7   63.1   85.2      85.2    61.4       0         0        0
00:09:20 00:00:00   59.8    60.0   59.5   55.9   62.2   85.2      82.0    59.3       0         0        0
00:09:25 00:00:05   60.1    59.7   59.8   56.8   62.9   82.5      82.5    58.8       0         0        0
00:09:30 00:00:10   59.8    59.8   59.9   54.7   63.8   65.6      65.6    61.3       0         0        0
00:09:35 00:00:05   59.8    60.1   60.1   57.0   64.5   84.2      84.2    61.5       0         0        0
00:09:40 00:00:00   59.8    60.3   60.5   56.0   63.0   84.7      84.7    59.3       0         0        0
00:09:45 00:00:05   60.3    59.9   59.9   57.2   63.2   81.8      81.8    60.8       0         0        0
00:09:50 00:00:00   60.3    60.4   60.8   56.3   64.2   83.0      83.0    60.1       0         0        0
00:09:55 00:00:05   60.4    61.2   61.1   56.0   65.5   82.5      82.5    57.9       0         0        0
00:10:00 00:00:00   60.4    60.9   60.6   33.7   64.4   82.9      82.9    62.6       0         0        0
00:10:05 00:00:05   60.9    61.5   61.6   54.0   65.7   82.2      82.2    61.8       0         0        0
00:10:10 00:00:10   61.6    61.6   61.7   55.9   64.7   72.0      72.0    59.1       0         0        0
00:10:15 00:00:05   61.6    61.3   61.3   53.7   64.3   83.2      83.2    64.2       0         0        0
00:10:20 00:00:00   61.6    61.5   61.8   58.8   65.0   83.2      82.0    59.3       0         0        0
00:10:25 00:00:05   61.5    61.7   61.6   57.4   65.1   82.2      82.2    62.9       0         0        0
00:10:30 00:00:10   60.8    60.8   59.7   38.2   63.1   60.4      60.4    52.1       0         0        0
00:10:35 00:00:05   60.8    62.4   62.4   47.3   66.0   78.1      78.1    60.1       0         0        0
00:10:40 00:00:00   60.8    61.9   61.3   55.1   64.9   78.1      77.3    64.4       0         0        0
00:10:45 00:00:05   61.9    61.4   61.4   57.2   65.0   76.0      76.0    60.5       0         0        0
00:10:50 00:00:00   61.9    60.9   60.4   53.1   64.0   84.2      84.2    59.7       0         0        0
00:10:55 00:00:05   60.9    60.2   60.3   51.6   63.9   83.2      83.2    59.4       0         0        0
00:11:00 00:00:00   60.9    60.1   59.9   48.1   63.3   85.1      85.1    59.7       0         0        0
00:11:05 00:00:05   60.1    61.5   61.6   33.7   66.2   81.9      81.9    62.8       0         0        0
00:11:10 00:00:10   61.8    61.8   62.1   56.7   64.5   78.7      78.7    60.5       0         0        0
00:11:15 00:00:05   61.8    61.9   61.9   56.8   64.6   83.5      83.5    57.5       0         0        0
00:11:20 00:00:00   61.8    61.4   60.9   44.0   63.5   84.4      84.4    61.6       0         0        0
00:11:25 00:00:05   61.4    61.3   61.4   55.0   64.3   84.5      84.5    60.5       0         0        0
00:11:30 00:00:10   61.1    61.1   60.9   50.0   63.9   60.5      60.5    59.0       0         0        0
00:11:35 00:00:05   61.1    60.2   60.2   38.3   64.3   84.2      84.2    58.9       0         0        0
00:11:40 00:00:00   61.1    60.0   59.7   55.6   62.0   84.2      80.3    58.0       0         0        0
00:11:45 00:00:05   60.0    60.4   60.4   57.2   63.3   79.5      79.5    61.8       0         0        0
00:11:50 00:00:00   60.0    60.3   60.2   38.4   64.4   81.0      81.0    59.5       0         0        0
00:11:55 00:00:05   60.3    62.7   62.7   50.8   65.9   79.1      79.1    63.2       0         0        0
00:12:00 00:00:00   60.3    62.5   62.4   54.8   66.5   82.0      82.0    64.1       0         0        0
00:12:05 00:00:05   62.6    62.6   62.6   59.5   66.0   83.3      83.3    60.8       0         0        0
00:12:10 00:00:10   61.5    61.5   60.0   37.7   64.9   65.1      65.1    55.2       0         0        0
00:12:15 00:00:05   61.5    59.2   59.2   46.7   64.0   80.1      80.1    60.1       0         0        0
00:12:20 00:00:00   61.5    59.3   59.5   47.3   66.0   81.5      81.5    59.8       0         0        0
00:12:25 00:00:05   59.3    59.7   59.7   47.4   64.8   83.3      83.3    57.7       0         0        0
00:12:30 00:00:10   60.0    60.0   60.4   55.5   63.0   65.0      65.0    61.2       0         0        0
00:12:35 00:00:05   60.0    60.2   60.2   55.9   63.5   83.3      83.3    62.4       0         0        0
00:12:40 00:00:00   60.0    60.3   60.5   47.1   63.8   83.6      83.6    56.1       0         0        0
00:12:45 00:00:05   60.4    61.7   61.7   55.4   63.6   80.8      80.8    61.4       0         0        0
00:12:50 00:00:00   60.4    61.4   61.1   55.1   63.2   83.7      83.7    61.5       0         0        0
00:12:55 00:00:05   61.4    61.0   61.0   55.9   63.7   83.6      83.6    61.1       0         0        0
00:13:00 00:00:00   61.4    60.9   60.8   58.1   62.5   84.3      84.3    58.1       0         0        0
00:13:05 00:00:05   60.9    60.9   60.9   55.1   63.5   85.0      85.0    57.6       0         0        0
00:13:10 00:00:10   59.9    59.9   58.7   39.2   62.8   69.6      69.6    56.9       0         0        0
00:13:15 00:00:05   59.9    59.8   59.8   53.6   63.2   84.3      84.3    55.2       0         0        0
00:13:20 00:00:00   59.9    59.8   59.9   53.0   63.2   84.3      84.2    57.8       0         0        0
00:13:25 00:00:05   59.8    60.0   60.0   53.8   62.8   83.9      83.9    58.3       0         0        0
00:13:30 00:00:10   60.3    60.3   60.5   56.2   63.2   60.5      60.5    58.1       0         0        0
00:13:35 00:00:05   60.3    61.0   61.0   57.9   63.3   83.9      83.9    60.7       0         0        0
00:13:40 00:00:00   60.3    60.6   60.1   49.0   64.2   84.2      84.2    59.4       0         0        0
00:13:45 00:00:05   60.6    60.7   60.7   56.5   62.6   84.5      84.5    58.5       0         0        0
00:13:50 00:00:00   60.6    60.7   60.8   57.1   62.4   84.5      83.9    60.8       0         0        0
00:13:55 00:00:05   60.8    61.0   61.0   56.5   62.9   83.1      83.1    61.5       0         0        0
00:14:00 00:00:00   60.8    61.0   60.9   58.1   63.0   83.2      83.2    63.0       0         0        0
00:14:05 00:00:05   61.0    60.5   60.5   54.4   63.6   83.5      83.5    61.2       0         0        0
00:14:10 00:00:10   61.1    61.1   61.6   51.4   67.3   74.4      74.4    61.9       0         0        0
00:14:15 00:00:05   61.1    62.0   62.0   54.9   67.0   84.1      84.1    62.4       0         0        0
00:14:20 00:00:00   61.1    61.5   60.8   54.2   64.0   84.1      81.8    59.1       0         0        0
00:14:25 00:00:05   61.4    60.6   60.5   55.8   64.6   83.1      83.1    62.3       0         0        0
00:14:30 00:00:10   61.4    61.4   62.2   51.3   65.7   61.2      61.2    61.8       0         0        0
00:14:35 00:00:05   61.4    61.0   61.0   51.9   67.2   82.7      82.7    60.6       0         0        0
00:14:40 00:00:00   61.4    60.8   60.6   54.1   64.4   82.7      81.1    58.6       0         0        0
00:14:45 00:00:05   60.8    61.8   61.8   52.2   64.9   82.4      82.4    62.9       0         0        0
00:14:50 00:00:00   60.8    61.5   61.1   56.8   65.9   83.9      83.9    56.8       0         0        0
00:14:55 00:00:05   61.5    60.7   60.8   49.4   64.5   84.1      84.1    60.6       0         0        0
00:15:00 00:00:00   61.5    60.9   61.1   50.9   64.2   84.1      83.6    59.5       0         0        0
00:15:05 00:00:05   60.9    60.4   60.5   49.8   64.3   83.6      83.6    61.2       0         0        0
00:15:10 00:00:10   60.7    60.7   61.0   52.6   64.3   63.9      63.9    60.0       0         0        0
00:15:15 00:00:05   60.7    61.2   61.2   49.1   64.1   84.5      84.5    58.4       0         0        0
00:15:20 00:00:00   60.7    61.1   60.9   55.0   63.9   84.5      81.7    61.2       0         0        0
00:15:25 00:00:05   61.0    61.5   61.5   54.6   64.6   80.6      80.6    58.9       0         0        0
00:15:30 00:00:10   61.3    61.3   61.2   54.5   64.5   62.1      62.1    62.8       0         0        0
00:15:35 00:00:05   61.3    60.2   60.2   53.1   63.3   81.2      81.2    53.1       0         0        0
00:15:40 00:00:00   61.3    60.6   61.0   50.3   65.1   83.7      83.7    58.6       0         0        0
00:15:45 00:00:05   60.6    60.9   60.9   50.8   64.3   84.9      84.9    62.0       0         0        0
00:15:50 00:00:00   60.6    60.8   60.8   53.7   64.0   84.9      82.8    61.8       0         0        0
00:15:55 00:00:05   60.8    60.0   60.0   55.7   64.1   82.6      82.6    56.5       0         0        0
00:16:00 00:00:00   60.8    60.1   60.2   51.5   63.9   82.6      82.1    59.7       0         0        0
