Time     ActTimer PreLEQ LEQ[dB] LEQ_dt MIN_dt MAX_dt LcPeak LcPeak_dt SPL_Act OVER_dt OVER_Hold UNDER_dt
00:00:15 00:00:00   48.4    48.4   48.4   33.4   58.2   58.2      58.2    50.8       0         0        0
00:00:30 00:00:00   53.1    53.1   53.1   32.0   67.0   64.0      64.0    53.3       0         0        0
00:00:45 00:00:00   53.1    47.2   47.2   31.8   55.4   70.8      70.8    34.2       0         0        1
00:01:00 00:00:00   47.2    48.3   48.2   32.6   56.6   73.0      73.0    47.7       0         0        0
00:01:15 00:00:00   48.3    47.8   47.8   33.2   58.6   73.3      73.3    51.4       0         0        0
00:01:30 00:00:00   47.9    48.5   48.5   32.1   62.9   82.1      82.1    36.4       0         0        0
00:01:45 00:00:00   48.5    43.5   43.5   34.3   56.0   71.7      71.7    38.5       0         0        0
00:02:00 00:00:00   43.5    50.0   50.0   33.7   61.2   74.9      74.9    39.1       0         0        0
00:02:15 00:00:00   50.0    41.3   41.3   32.3   51.7   71.7      71.7    40.5       0         0        0
00:02:30 00:00:00   41.4    44.2   44.2   31.7   54.2   72.2      72.2    33.0       0         0        1
00:02:45 00:00:00   44.2    35.5   35.5   31.5   50.2   69.1      69.1    40.9       0         0        0
00:03:00 00:00:00   35.5    43.0   43.0   31.4   55.6   68.6      68.6    31.9       0         0        1
00:03:15 00:00:00   42.9    47.2   47.2   31.3   54.8   72.7      72.7    37.9       0         0        0
00:03:30 00:00:00   47.2    44.5   44.5   31.4   53.0   70.6      70.6    32.0       0         0        1
00:03:45 00:00:00   44.5    45.7   45.7   31.7   61.5   75.5      75.5    44.5       0         0        0
00:04:00 00:00:00   45.7    44.1   44.1   31.5   52.5   69.8      69.8    32.5       0         0        1
00:04:15 00:00:00   44.1    42.6   42.6   31.2   55.3   72.1      72.1    31.7       0         0        1
00:04:30 00:00:00   42.6    44.1   44.1   31.5   53.2   69.6      69.6    46.0       0         0        0
00:04:45 00:00:00   44.1    45.7   45.7   31.4   55.9   71.8      71.8    37.1       0         0        0
00:05:00 00:00:00   45.7    47.5   47.5   31.5   54.9   72.2      72.2    44.7       0         0        0
00:05:15 00:00:00   47.5    49.3   49.3   32.6   59.3   74.6      74.6    53.1       0         0        0
00:05:30 00:00:00   49.3    49.4   49.4   31.4   58.4   74.4      74.4    42.3       0         0        0
00:05:45 00:00:00   49.4    42.5   42.5   31.1   56.2   71.2      71.2    53.2       0         0        0
00:06:00 00:00:00   42.6    39.6   39.9   31.1   53.3   64.3      64.3    33.0       0         0        1
00:06:15 00:00:00   39.6    44.5   44.5   31.6   54.5   71.1      71.1    32.9       0         0        1
00:06:30 00:00:00   44.5    46.2   46.2   32.8   55.1   70.5      70.5    50.3       0         0        0
00:06:45 00:00:00   46.2    46.4   46.4   32.1   56.3   74.1      74.1    32.6       0         0        1
00:07:00 00:00:00   46.4    49.0   48.9   31.0   61.0   74.7      74.7    47.7       0         0        0
00:07:15 00:00:00   48.9    51.3   51.3   31.3   60.7   74.5      74.5    53.3       0         0        0
00:07:30 00:00:00   51.3    50.5   50.5   32.7   60.6   74.2      74.2    53.8       0         0        0
00:07:45 00:00:00   50.5    51.4   51.4   33.3   62.5   75.9      75.9    49.7       0         0        0
00:08:00 00:00:00   51.4    53.0   52.9   36.1   63.2   82.9      82.9    42.6       0         0        0
00:08:15 00:00:00   52.9    39.5   39.5   34.2   46.4   66.1      66.1    41.7       0         0        0
00:08:30 00:00:00   39.5    47.7   47.7   34.1   57.3   72.8      72.8    50.7       0         0        0
00:08:45 00:00:00   47.7    51.0   51.0   34.2   57.9   71.1      71.1    52.0       0         0        0
00:09:00 00:00:00   51.0    51.2   51.3   35.6   60.2   73.6      73.6    46.4       0         0        0
00:09:15 00:00:00   51.2    45.6   45.6   33.5   56.5   70.5      70.5    34.7       0         0        1
00:09:30 00:00:00   45.6    46.7   46.6   32.3   56.2   72.6      72.6    39.7       0         0        0
00:09:45 00:00:00   46.6    43.7   43.7   32.5   55.1   79.9      79.9    49.8       0         0        0
00:10:00 00:00:00   43.7    46.6   46.6   33.8   57.7   71.5      71.5    49.6       0         0        0
00:10:15 00:00:00   46.6    50.4   50.4   36.8   59.4   73.7      73.7    48.4       0         0        0
00:10:30 00:00:00   50.4    48.5   48.5   32.4   55.0   71.6      71.6    51.5       0         0        0
00:10:45 00:00:00   48.5    48.5   48.5   34.8   58.6   75.8      75.8    35.8       0         0        0
00:11:00 00:00:00   48.5    45.7   45.6   32.6   55.6   72.2      72.2    37.1       0         0        0
00:11:15 00:00:00   45.6    40.4   40.4   31.4   52.7   70.8      70.8    52.3       0         0        0
00:11:30 00:00:00   40.5    50.3   50.3   31.9   57.9   73.3      73.3    46.5       0         0        0
00:11:45 00:00:00   50.2    47.2   47.2   31.1   56.0   72.1      72.1    48.1       0         0        0
00:12:00 00:00:00   47.2    42.5   42.5   31.0   54.5   71.3      71.3    34.9       0         0        0
00:12:15 00:00:00   42.4    48.7   48.7   31.3   57.6   73.7      73.7    32.1       0         0        1
00:12:30 00:00:00   48.7    44.7   44.7   31.2   54.9   72.3      72.3    36.6       0         0        0
00:12:45 00:00:00   44.7    55.1   55.1   36.0   64.3   77.1      77.1    51.7       0         0        0
00:13:00 00:00:00   55.1    52.2   52.2   37.8   61.3   75.9      75.9    38.4       0         0        0
00:13:15 00:00:00   52.2    50.2   50.2   33.0   56.9   73.1      73.1    55.8       0         0        0
00:13:30 00:00:00   50.2    49.4   49.4   33.0   60.5   72.7      72.7    53.4       0         0        0
00:13:45 00:00:00   49.4    51.4   51.4   35.6   62.1   75.2      75.2    48.5       0         0        0
00:14:00 00:00:00   51.4    48.0   48.0   32.4   60.3   74.6      74.6    52.3       0         0        0
00:14:15 00:00:00   48.0    47.8   47.8   31.8   56.3   72.5      72.5    49.8       0         0        0
00:14:30 00:00:00   47.8    47.2   47.2   32.1   60.7   74.0      74.0    33.2       0         0        1
00:14:45 00:00:00   47.2    50.1   50.0   31.5   58.6   75.1      75.1    32.3       0         0        1
00:15:00 00:00:00   50.0    41.5   41.5   31.6   48.7   71.8      71.8    46.1       0         0        0
00:15:15 00:00:00   41.5    47.2   47.2   36.2   55.4   72.9      72.9    37.9       0         0        0
00:15:30 00:00:00   47.2    47.1   47.1   32.3   58.2   76.3      76.3    58.2       0         0        0
00:15:45 00:00:00   47.3    48.2   48.3   32.5   58.3   71.7      71.7    49.3       0         0        0
00:16:00 00:00:00   48.2    49.9   49.8   33.5   56.3   72.0      72.0    36.8       0         0        0
