Time     ActTimer PreLEQ LEQ[dB] LEQ_dt MIN_dt MAX_dt LcPeak LcPeak_dt SPL_Act OVER_dt OVER_Hold UNDER_dt
00:00:15 00:00:00   68.2    68.2   68.2   33.5   76.3   75.3      75.3    68.7       0         0        0
00:00:30 00:00:00   59.4    59.4   59.4   34.2   69.6   68.9      68.9    64.3       0         0        0
00:00:45 00:00:00   57.3    57.3   57.3   33.0   66.8   46.3      46.3    41.4       0         0        0
00:01:00 00:00:00   56.5    56.5   56.5   36.3   68.2   63.5      63.5    55.3       0         0        0
00:01:15 00:00:00   61.3    61.3   61.3   37.9   71.4   80.5      80.5    65.0       0         0        0
00:01:30 00:00:00   60.9    60.9   60.9   38.4   71.9   72.7      72.7    63.9       0         0        0
00:01:45 00:00:00   60.9    60.7   60.7   37.8   72.0   85.5      85.5    51.6       0         0        0
00:02:00 00:00:00   61.5    61.5   61.5   36.8   72.2   72.5      72.5    64.0       0         0        0
00:02:15 00:00:00   62.3    62.3   62.3   38.3   72.7   47.2      47.2    46.6       0         0        0
00:02:30 00:00:00   62.3    61.1   61.1   38.5   70.5   88.9      88.9    67.6       0         0        0
00:02:45 00:00:00   61.2    65.8   65.8   40.2   73.7   89.2      89.2    45.1       0         0        0
00:03:00 00:00:00   64.1    64.1   64.1   39.6   74.6   53.6      53.6    66.3       0         0        0
00:03:15 00:00:00   61.5    61.5   61.5   40.0   73.1   61.0      61.0    57.9       0         0        0
00:03:30 00:00:00   61.5    62.8   62.8   39.6   72.5   88.5      88.5    40.0       0         0        0
00:03:45 00:00:00   62.8    60.3   60.3   39.5   73.3   85.8      85.8    50.8       0         0        0
00:04:00 00:00:00   54.6    54.6   54.6   45.5   62.2   63.1      63.1    59.0       0         0        0
00:04:15 00:00:00   54.6    60.5   60.5   43.3   70.7   87.2      87.2    63.7       0         0        0
00:04:30 00:00:00   60.5    60.5   60.5   44.9   73.1   93.9      93.9    69.9       0         0        0
00:04:45 00:00:00   60.5    63.3   63.3   51.9   70.8   90.0      90.0    64.6       0         0        0
00:05:00 00:00:00   64.2    64.2   64.2   46.7   75.3   41.5      41.5    51.9       0         0        0
00:05:15 00:00:00   60.1    60.1   60.1   30.6   70.6   54.5      54.5    51.5       0         0        0
00:05:30 00:00:00   60.1    59.6   59.6   42.4   69.1   86.6      86.6    60.9       0         0        0
00:05:45 00:00:00   59.7    64.3   64.3   51.4   73.0   89.4      89.4    65.8       0         0        0
00:06:00 00:00:00   64.9    64.9   65.0   43.3   74.0   57.5      57.5    66.6       0         0        0
00:06:15 00:00:00   64.9    64.0   64.0   48.8   72.5   87.4      87.4    52.7       0         0        0
00:06:30 00:00:00   64.0    64.8   64.7   42.6   75.0   87.8      87.8    67.9       0         0        0
00:06:45 00:00:00   64.7    66.9   66.9   48.5   74.5   86.5      86.5    49.0       0         0        0
00:07:00 00:00:00   63.2    63.2   63.1   42.6   72.8   70.5      70.5    54.8       0         0        0
00:07:15 00:00:00   59.3    59.3   59.3   35.4   70.1   66.5      66.5    65.4       0         0        0
00:07:30 00:00:00   59.3    62.1   62.1   35.9   71.0   85.6      85.6    59.8       0         0        0
00:07:45 00:00:00   62.1    64.0   64.0   35.1   75.3   88.1      88.1    47.3       0         0        0
00:08:00 00:00:00   57.7    57.7   57.7   33.0   70.0   52.5      52.5    43.0       0         0        0
00:08:15 00:00:00   60.7    60.7   60.7   36.7   71.3   63.4      63.4    62.7       0         0        0
00:08:30 00:00:00   60.7    63.2   63.2   36.7   70.9   87.5      87.5    61.8       0         0        0
00:08:45 00:00:00   63.2    62.7   62.7   39.5   71.3   87.0      87.0    61.5       0         0        0
00:09:00 00:00:00   61.2    61.2   61.2   41.5   69.7   64.0      64.0    64.6       0         0        0
00:09:15 00:00:00   61.5    61.5   61.5   44.2   69.9   73.2      73.2    64.3       0         0        0
00:09:30 00:00:00   61.5    60.2   60.2   35.4   71.7   87.6      87.6    62.4       0         0        0
00:09:45 00:00:00   60.3    63.2   63.2   39.2   71.6   86.5      86.5    59.5       0         0        0
00:10:00 00:00:00   65.1    65.1   65.1   34.8   73.4   57.6      57.6    66.0       0         0        0
00:10:15 00:00:00   65.1    66.1   66.1   43.4   73.7   88.7      88.7    54.0       0         0        0
00:10:30 00:00:00   66.0    61.5   61.4   30.6   74.3   87.7      87.7    58.8       0         0        0
00:10:45 00:00:00   61.4    57.3   57.3   49.1   65.6   79.1      79.1    52.3       0         0        0
00:11:00 00:00:00   57.4    57.4   57.4   37.5   71.0   55.0      55.0    61.0       0         0        0
00:11:15 00:00:00   64.6    64.6   64.6   41.2   73.0   77.7      77.7    67.0       0         0        0
00:11:30 00:00:00   64.6    62.8   62.8   40.5   72.3   88.9      88.9    64.5       0         0        0
00:11:45 00:00:00   62.8    60.5   60.5   41.0   71.5   89.1      89.1    64.2       0         0        0
00:12:00 00:00:00   61.1    61.1   61.1   46.4   70.7   60.7      60.7    62.4       0         0        0
00:12:15 00:00:00   61.1    58.3   58.3   43.6   67.6   92.7      92.7    51.3       0         0        0
00:12:30 00:00:00   58.3    53.7   53.7   42.3   66.5   83.1      83.1    64.7       0         0        0
00:12:45 00:00:00   53.8    59.9   60.0   38.4   69.2   87.3      87.3    68.2       0         0        0
00:13:00 00:00:00   61.7    61.7   61.7   41.1   71.4   68.7      68.7    59.0       0         0        0
00:13:15 00:00:00   61.3    61.3   61.3   38.1   70.2   51.1      51.1    42.6       0         0        0
00:13:30 00:00:00   61.3    61.6   61.6   37.4   70.7   88.4      88.4    58.9       0         0        0
00:13:45 00:00:00   61.6    60.2   60.2   37.7   67.2   85.8      85.8    38.4       0         0        0
00:14:00 00:00:00   59.9    59.9   59.9   37.2   66.4   67.6      67.6    60.4       0         0        0
00:14:15 00:00:00   59.9    56.7   56.7   37.1   66.2   84.1      84.1    41.4       0         0        0
00:14:30 00:00:00   56.7    62.9   62.9   37.7   74.0   88.6      88.6    56.1       0         0        0
00:14:45 00:00:00   62.9    62.5   62.5   33.5   70.0   87.3      87.3    67.0       0         0        0
00:15:00 00:00:00   62.4    62.4   62.5   33.0   70.1   78.4      78.4    66.5       0         0        0
00:15:15 00:00:00   60.2    60.2   60.2   34.0   68.9   46.3      46.3    40.2       0         0        0
00:15:30 00:00:00   60.2    60.0   60.0   34.9   71.7   87.5      87.5    52.8       0         0        0
00:15:45 00:00:00   60.0    68.3   68.3   48.5   78.4   93.1      93.1    72.0       0         0        0
00:16:00 00:00:00   70.6    70.6   70.5   56.0   77.4   76.5      76.5    63.3       0         0        0
