Time     ActTimer PreLEQ LEQ[dB] LEQ_dt MIN_dt MAX_dt LcPeak LcPeak_dt SPL_Act OVER_dt OVER_Hold UNDER_dt
00:00:15 00:00:00   63.3    63.3   63.3   43.1   77.2   62.7      62.7    72.7       0         0        0
00:00:30 00:00:00   63.3    67.9   67.9   44.9   75.8   94.0      94.0    53.1       0         0        0
00:00:45 00:00:00   65.3    65.3   65.3   44.4   74.6   78.1      78.1    67.4       0         0        0
00:01:00 00:00:00   65.3    81.3   81.3   67.2   87.6  101.4     101.4    77.3       0         0        0
00:01:15 00:00:00   81.2    66.4   66.5   45.4   77.1   92.6      92.6    70.8       0         0        0
00:01:30 00:00:00   66.4    70.1   70.1   42.5   80.2   95.3      95.3    78.1       0         0        0
00:01:45 00:00:00   70.2    71.6   71.7   45.1   79.1   94.0      94.0    52.0       0         0        0
00:02:00 00:00:00   71.6    73.9   73.9   44.0   85.2   99.3      99.3    84.9       0         0        0
00:02:15 00:00:00   74.0    70.2   70.4   43.4   84.8   94.7      94.7    71.2       0         0        0
00:02:30 00:00:00   70.2    71.4   71.4   43.4   83.7  104.4     104.4    75.1       0         0        0
00:02:45 00:00:00   71.4    71.9   71.9   54.2   81.1  100.6     100.6    62.1       0         0        0
00:03:00 00:00:00   71.9    68.3   68.3   56.2   73.4   93.1      93.1    68.8       0         0        0
00:03:15 00:00:00   68.3    68.5   68.5   58.1   76.4   96.5      96.5    64.7       0         0        0
00:03:30 00:00:00   68.5    66.3   66.3   57.2   71.7   87.9      87.9    68.3       0         0        0
00:03:45 00:00:00   66.3    66.1   66.1   49.7   75.0   91.3      91.3    58.9       0         0        0
00:04:00 00:00:00   66.1    68.3   68.3   37.6   78.8   92.2      92.2    51.0       0         0        0
00:04:15 00:00:00   68.3    68.2   68.2   37.7   77.6   93.2      93.2    57.8       0         0        0
00:04:30 00:00:00   68.2    66.5   66.5   40.4   75.5   92.4      92.4    63.7       0         0        0
00:04:45 00:00:00   66.5    68.4   68.4   36.3   77.2   93.8      93.8    70.7       0         0        0
00:05:00 00:00:00   68.4    63.5   63.5   49.1   76.9   97.3      97.3    63.2       0         0        0
00:05:15 00:00:00   63.6    67.8   67.8   51.8   77.3   94.0      94.0    54.4       0         0        0
00:05:30 00:00:00   67.7    69.1   69.0   47.9   79.7  101.9     101.9    62.1       0         0        0
00:05:45 00:00:00   69.1    69.0   68.9   53.6   77.7   97.4      97.4    75.6       0         0        0
00:06:00 00:00:00   69.1    65.9   66.1   30.9   76.2   94.3      94.3    31.1       0         0        1
00:06:15 00:00:00   65.9    67.3   67.2   31.1   77.4   92.6      92.6    47.0       0         0        0
00:06:30 00:00:00   67.2    68.1   68.0   42.4   77.0   95.0      95.0    69.3       0         0        0
00:06:45 00:00:00   68.0    69.2   69.2   40.8   78.2   93.8      93.8    45.1       0         0        0
00:07:00 00:00:00   69.2    69.6   69.5   40.6   79.1   94.9      94.9    60.2       0         0        0
00:07:15 00:00:00   69.6    70.3   70.3   46.6   80.8   93.9      93.9    57.0       0         0        0
00:07:30 00:00:00   70.2    71.7   71.7   55.8   81.8   97.6      97.6    59.6       0         0        0
00:07:45 00:00:00   71.7    73.4   73.4   58.9   82.5   96.2      96.2    70.2       0         0        0
00:08:00 00:00:00   73.4    74.1   74.1   41.9   85.8  102.8     102.8    49.6       0         0        0
00:08:15 00:00:00   74.1    62.5   62.5   37.1   75.2   90.6      90.6    72.2       0         0        0
00:08:30 00:00:00   62.5    60.1   60.1   36.2   75.5   92.3      92.3    37.1       0         0        0
00:08:45 00:00:00   60.1    64.5   64.5   36.3   75.3   92.9      92.9    70.0       0         0        0
00:09:00 00:00:00   64.5    62.8   62.9   40.3   75.4   93.5      93.5    52.6       0         0        0
00:09:15 00:00:00   62.8    53.0   53.0   41.1   66.9   82.6      82.6    51.4       0         0        0
00:09:30 00:00:00   53.0    66.2   66.2   44.3   77.5   98.0      98.0    72.2       0         0        0
00:09:45 00:00:00   66.7    65.0   65.7   53.6   77.6   95.9      95.9    63.4       0         0        0
00:10:00 00:00:00   65.0    72.8   72.8   54.5   83.3   98.7      98.7    75.2       0         0        0
00:10:15 00:00:00   72.8    65.7   65.7   55.0   74.9   90.8      90.8    62.7       0         0        0
00:10:30 00:00:00   65.6    69.4   69.4   57.7   78.1   93.1      93.1    68.2       0         0        0
00:10:45 00:00:00   69.4    65.7   65.7   58.3   71.7   88.0      88.0    69.8       0         0        0
00:11:00 00:00:00   65.7    63.1   63.1   37.0   78.2  102.4     102.4    44.7       0         0        0
00:11:15 00:00:00   63.1    57.9   57.9   40.4   73.0   99.2      99.2    57.0       0         0        0
00:11:30 00:00:00   57.9    61.7   61.7   49.9   74.8   94.6      94.6    62.7       0         0        0
00:11:45 00:00:00   61.7    70.7   70.6   49.5   82.7   94.7      94.7    62.3       0         0        0
00:12:00 00:00:00   70.6    62.1   62.1   30.9   70.9   94.6      94.6    60.2       0         0        0
00:12:15 00:00:00   62.1    59.0   59.0   50.8   63.7   87.2      87.2    54.4       0         0        0
00:12:30 00:00:00   59.0    63.6   63.6   52.8   69.3   92.7      92.7    60.8       0         0        0
00:12:45 00:00:00   63.6    60.6   60.6   55.3   64.0   88.0      88.0    63.8       0         0        0
00:13:00 00:00:00   60.6    65.8   65.8   57.7   71.3   88.2      88.2    64.4       0         0        0
00:13:15 00:00:00   65.8    68.5   68.5   56.2   74.6   92.9      92.9    72.4       0         0        0
00:13:30 00:00:00   68.5    69.6   69.6   60.1   74.3   90.9      90.9    68.0       0         0        0
00:13:45 00:00:00   69.6    70.8   70.8   61.2   77.3   92.2      92.2    72.6       0         0        0
00:14:00 00:00:00   70.8    69.0   69.1   53.7   77.8   91.7      91.7    71.8       0         0        0
00:14:15 00:00:00   69.0    69.1   69.1   53.5   77.9   91.7      91.7    69.4       0         0        0
00:14:30 00:00:00   69.2    75.2   75.2   56.1   84.2  100.6     100.6    64.8       0         0        0
00:14:45 00:00:00   75.2    67.9   67.9   54.9   80.3   93.0      93.0    60.1       0         0        0
00:15:00 00:00:00   67.9    55.6   55.7   53.2   60.3   80.0      80.0    54.2       0         0        0
00:15:15 00:00:00   55.6    58.8   58.8   54.0   69.5   89.9      89.9    55.8       0         0        0
00:15:30 00:00:00   58.8    60.5   60.5   55.2   71.9   91.8      91.8    55.2       0         0        0
00:15:45 00:00:00   60.5    67.3   67.3   52.1   79.1   94.2      94.2    69.7       0         0        0
00:16:00 00:00:00   67.3    68.0   68.0   51.6   75.8   93.5      93.5    68.6       0         0        0
