59.00000
57.60000
57.90000
62.00000
60.50000
57.80000
62.70000
59.90000
56.70000
58.00000
62.70000
59.70000
56.90000
58.10000
57.80000
61.40000
61.00000
58.10000
62.20000
60.30000
57.20000
58.00000
62.00000
60.50000
57.30000
57.90000
58.40000
60.00000
61.70000
58.60000
62.00000
60.50000
57.70000
57.90000
61.80000
60.60000
58.00000
57.80000
58.50000
59.00000
61.80000
59.50000
61.50000
60.90000
58.10000
57.80000
60.80000
61.50000
58.00000
58.10000
57.60000
57.40000
62.50000
59.90000
60.00000
61.80000
58.20000
58.50000
59.80000
61.60000
59.00000
58.50000
56.90000
57.60000
