65.90000
69.50000
68.30000
65.40000
70.20000
67.70000
64.00000
65.80000
70.20000
67.60000
64.20000
65.90000
65.60000
69.10000
68.60000
65.90000
69.90000
67.80000
64.80000
65.90000
69.60000
68.20000
64.90000
65.80000
66.00000
67.60000
69.50000
66.00000
69.50000
68.30000
65.30000
65.70000
69.50000
68.20000
65.70000
65.60000
66.20000
66.90000
69.20000
67.30000
69.20000
68.50000
65.90000
65.60000
68.70000
68.90000
65.90000
65.70000
65.40000
65.20000
70.10000
67.70000
67.70000
69.50000
65.80000
66.10000
67.50000
69.30000
66.50000
66.20000
64.60000
65.20000
70.20000
67.80000
