49.70000
52.20000
50.20000
51.70000
51.40000
48.70000
48.40000
50.90000
52.10000
48.50000
48.60000
48.00000
47.70000
52.90000
50.40000
50.30000
52.10000
49.10000
48.90000
50.10000
51.90000
49.70000
48.90000
47.30000
48.10000
53.00000
50.40000
49.50000
52.10000
50.10000
48.80000
48.30000
52.50000
50.30000
48.40000
47.40000
48.70000
52.70000
50.50000
47.80000
52.90000
50.40000
47.80000
47.70000
53.00000
50.50000
47.60000
47.90000
48.40000
52.30000
51.00000
48.10000
53.00000
50.50000
47.00000
48.40000
53.00000
50.40000
46.90000
48.50000
48.30000
52.00000
51.10000
48.60000
