58.80000
58.50000
61.80000
61.20000
58.80000
62.70000
60.30000
57.70000
58.80000
62.20000
60.90000
57.80000
58.60000
58.90000
60.30000
62.20000
58.80000
62.30000
60.90000
58.20000
58.50000
62.20000
60.90000
58.50000
58.50000
59.10000
59.60000
61.90000
60.00000
61.90000
61.00000
58.80000
58.50000
61.50000
61.40000
58.80000
58.50000
58.30000
58.10000
62.70000
60.50000
60.40000
62.20000
58.70000
59.00000
60.20000
62.00000
59.30000
59.10000
57.50000
58.10000
62.90000
60.50000
59.70000
61.90000
60.00000
59.00000
59.30000
62.10000
60.10000
58.90000
57.10000
58.80000
62.90000
