48.30000
54.60000
49.50000
51.70000
49.40000
51.80000
50.80000
48.20000
47.90000
51.50000
51.00000
48.20000
48.00000
48.00000
47.80000
52.50000
49.90000
50.30000
51.90000
48.10000
48.50000
50.10000
51.80000
48.50000
48.60000
47.20000
47.60000
52.70000
50.00000
49.60000
51.70000
49.40000
48.60000
49.30000
51.80000
49.60000
48.40000
46.90000
48.10000
52.70000
49.70000
47.90000
52.40000
49.90000
47.80000
47.60000
52.60000
50.00000
47.50000
47.40000
48.10000
52.00000
50.70000
47.60000
52.70000
50.00000
47.10000
47.70000
52.70000
50.00000
46.80000
47.90000
47.90000
51.90000
