64.80000
64.90000
65.30000
67.00000
68.80000
65.30000
68.90000
67.50000
64.60000
64.80000
68.90000
67.50000
64.90000
64.80000
65.40000
66.20000
68.60000
66.40000
68.60000
67.80000
65.10000
64.80000
68.00000
68.30000
65.00000
65.00000
64.60000
64.50000
69.50000
66.90000
67.00000
68.90000
65.00000
65.40000
66.90000
68.60000
65.80000
65.40000
63.90000
64.60000
69.60000
66.90000
66.40000
68.60000
66.30000
65.40000
65.60000
68.90000
66.60000
65.10000
63.90000
65.00000
69.50000
66.60000
64.60000
69.40000
66.80000
64.50000
64.30000
69.50000
66.90000
64.20000
64.30000
64.90000
