66.40000
66.90000
69.30000
69.80000
66.50000
69.50000
69.30000
67.50000
68.10000
69.70000
69.50000
68.30000
66.80000
66.70000
69.00000
70.00000
67.10000
68.90000
69.40000
68.00000
67.50000
69.50000
69.70000
68.80000
66.80000
66.50000
68.60000
69.90000
67.70000
68.40000
69.50000
68.50000
67.00000
69.40000
69.80000
69.30000
66.50000
66.60000
68.20000
69.70000
68.50000
67.60000
69.70000
69.00000
66.70000
69.00000
69.90000
69.20000
67.10000
66.80000
67.60000
69.50000
69.10000
66.80000
69.80000
69.30000
66.80000
68.70000
69.90000
69.30000
67.60000
66.80000
67.00000
69.40000
