49.10000
48.80000
51.10000
51.80000
49.30000
50.70000
51.40000
50.30000
49.50000
51.50000
51.60000
50.90000
49.00000
48.70000
50.50000
51.80000
50.00000
50.00000
51.60000
50.70000
49.00000
51.20000
51.80000
51.30000
48.80000
48.80000
50.10000
51.60000
50.70000
49.30000
51.70000
51.20000
48.70000
51.00000
51.80000
51.30000
49.40000
48.90000
49.50000
51.50000
51.20000
49.00000
51.60000
51.30000
49.10000
50.50000
51.80000
51.30000
50.00000
48.80000
49.00000
51.30000
51.80000
48.70000
51.30000
51.20000
49.60000
50.10000
51.60000
51.40000
50.50000
48.90000
48.80000
51.00000
