59.30000
61.10000
60.90000
61.20000
59.00000
59.60000
60.60000
59.90000
60.50000
62.50000
61.70000
61.80000
59.40000
54.00000
53.80000
54.80000
55.70000
56.40000
57.30000
55.30000
56.60000
56.70000
57.10000
56.30000
58.30000
53.40000
46.40000
64.20000
62.50000
63.80000
65.40000
64.20000
61.20000
63.60000
65.60000
65.20000
65.00000
65.80000
65.70000
61.40000
57.80000
60.30000
59.50000
63.30000
65.80000
62.40000
62.70000
64.80000
66.50000
61.00000
62.30000
64.70000
63.50000
66.30000
66.10000
66.00000
65.40000
47.00000
61.20000
63.00000
63.50000
61.00000
61.60000
63.20000
