67.80000
70.80000
71.00000
69.30000
70.60000
62.20000
62.10000
66.70000
70.00000
64.60000
67.70000
70.60000
64.40000
67.10000
70.70000
69.50000
64.00000
62.80000
68.10000
71.30000
70.80000
59.20000
64.60000
70.00000
69.70000
70.90000
69.20000
69.70000
70.70000
70.50000
70.50000
69.10000
69.10000
71.10000
71.40000
71.00000
70.90000
70.90000
69.80000
54.50000
69.70000
69.90000
69.50000
70.40000
70.60000
70.40000
70.60000
69.50000
70.90000
71.20000
70.40000
70.00000
70.70000
70.80000
70.70000
55.30000
53.70000
67.30000
67.40000
69.50000
68.80000
69.50000
66.90000
68.00000
