46.40000
49.10000
50.40000
51.60000
51.40000
51.20000
50.20000
49.60000
51.60000
51.90000
52.30000
51.30000
51.30000
51.90000
51.90000
51.70000
45.10000
41.60000
46.90000
47.60000
47.50000
46.70000
47.80000
49.90000
47.10000
47.70000
49.30000
49.80000
49.40000
49.70000
50.10000
51.30000
51.60000
49.80000
50.90000
49.90000
51.70000
52.20000
51.30000
46.50000
49.80000
52.30000
54.00000
54.90000
53.80000
53.80000
53.20000
53.30000
54.60000
54.60000
54.80000
55.10000
55.50000
55.10000
55.60000
55.40000
52.50000
52.90000
48.50000
43.10000
44.80000
46.90000
44.80000
44.80000
