37.20000
38.40000
33.00000
31.10000
31.10000
31.10000
31.10000
31.20000
31.30000
31.10000
31.00000
31.10000
31.10000
31.10000
31.20000
31.10000
31.10000
31.20000
31.20000
31.20000
31.20000
31.20000
31.00000
31.10000
31.00000
31.20000
31.30000
31.20000
31.20000
31.20000
31.30000
31.10000
31.20000
31.30000
31.30000
31.10000
31.30000
31.10000
31.10000
31.20000
31.00000
31.00000
31.00000
31.00000
31.00000
31.00000
31.10000
31.00000
31.00000
31.00000
31.00000
31.00000
31.00000
31.00000
31.10000
31.30000
31.10000
31.10000
31.00000
31.20000
31.00000
31.10000
31.10000
31.30000
