43.60000
32.80000
31.10000
31.20000
31.20000
31.20000
31.20000
31.10000
31.10000
31.20000
31.10000
31.10000
31.10000
31.10000
31.10000
31.30000
31.10000
31.20000
31.20000
31.10000
31.10000
31.10000
31.20000
31.10000
31.20000
31.10000
31.20000
31.10000
31.10000
31.20000
31.10000
31.20000
31.00000
31.00000
31.20000
31.20000
31.30000
31.10000
31.10000
31.00000
31.00000
31.10000
31.20000
31.20000
31.30000
31.30000
31.10000
31.10000
31.10000
31.10000
31.20000
31.20000
31.10000
31.10000
31.10000
31.60000
31.20000
31.10000
31.20000
31.30000
31.20000
31.60000
31.20000
31.70000
