49.10000
30.70000
30.70000
30.70000
30.70000
30.70000
30.70000
30.70000
30.70000
30.90000
31.10000
30.80000
30.80000
30.80000
30.70000
30.70000
30.70000
30.70000
30.70000
30.70000
31.10000
30.70000
30.60000
30.70000
30.70000
30.60000
30.60000
30.70000
30.60000
30.60000
30.60000
30.60000
30.60000
30.60000
30.70000
30.70000
30.60000
30.70000
30.60000
30.70000
30.70000
30.70000
30.60000
30.70000
30.70000
30.60000
30.60000
30.60000
30.70000
30.70000
30.60000
30.70000
30.60000
30.70000
30.60000
30.70000
30.60000
30.60000
30.70000
30.70000
30.70000
30.60000
30.70000
30.60000
