37.80000
49.10000
31.40000
31.50000
31.40000
31.30000
31.40000
31.30000
31.30000
31.30000
31.40000
31.60000
31.30000
31.40000
31.40000
31.50000
31.50000
31.30000
31.30000
31.40000
31.40000
31.30000
31.30000
31.30000
31.30000
31.30000
31.40000
31.40000
31.30000
31.20000
31.30000
31.30000
31.30000
31.50000
31.50000
32.00000
31.50000
31.50000
31.40000
31.50000
31.50000
32.60000
32.40000
31.80000
31.50000
31.60000
31.60000
31.80000
31.60000
31.80000
31.60000
31.50000
31.60000
31.30000
31.40000
31.50000
31.30000
31.50000
31.50000
31.40000
31.40000
31.40000
31.30000
31.50000
