46.40000
52.50000
31.30000
31.20000
31.20000
31.20000
31.30000
31.20000
31.20000
31.30000
31.30000
31.30000
31.20000
31.30000
31.50000
31.20000
31.20000
31.20000
31.10000
31.10000
31.20000
31.20000
31.20000
31.20000
31.20000
31.10000
31.20000
31.20000
31.20000
31.20000
31.10000
31.20000
31.20000
31.20000
31.20000
31.20000
31.20000
31.20000
31.30000
31.20000
31.20000
31.90000
31.10000
31.10000
31.10000
31.10000
31.20000
31.40000
31.30000
31.70000
31.20000
31.20000
31.10000
31.10000
31.20000
31.10000
31.10000
31.10000
31.10000
31.10000
31.20000
31.10000
31.30000
31.10000
