39.10000
32.40000
32.30000
32.30000
32.20000
32.20000
32.20000
32.20000
32.10000
32.20000
32.10000
32.10000
32.10000
32.10000
32.10000
32.10000
32.10000
32.10000
32.10000
32.10000
32.10000
32.10000
32.10000
32.10000
32.10000
32.10000
32.10000
32.10000
32.10000
32.10000
32.10000
32.10000
32.10000
32.10000
32.10000
32.10000
32.10000
32.10000
32.10000
32.10000
32.10000
32.10000
32.10000
32.10000
32.10000
32.10000
32.00000
32.10000
32.10000
32.10000
32.10000
32.10000
32.10000
32.10000
32.00000
32.00000
32.00000
32.00000
32.00000
32.00000
32.00000
32.00000
32.00000
32.00000
