48.20000
31.90000
31.90000
32.20000
32.30000
32.40000
33.00000
32.10000
32.00000
32.00000
31.80000
31.90000
31.80000
32.00000
32.00000
32.10000
32.00000
32.00000
31.90000
32.00000
32.00000
32.10000
32.00000
32.00000
31.80000
31.90000
31.80000
31.80000
32.00000
31.80000
32.00000
32.10000
31.90000
31.80000
31.80000
31.80000
31.70000
31.70000
31.80000
31.90000
31.90000
31.90000
31.90000
31.90000
32.00000
31.70000
31.70000
32.00000
32.20000
31.90000
32.00000
32.00000
32.00000
32.00000
31.90000
32.10000
32.10000
32.10000
32.00000
32.00000
32.00000
31.90000
31.80000
32.00000
