49.30000
31.00000
31.00000
31.00000
31.00000
31.00000
31.00000
30.90000
31.00000
31.00000
31.00000
31.00000
31.00000
31.00000
31.00000
31.00000
31.00000
31.00000
31.00000
31.00000
31.00000
31.00000
31.00000
31.00000
30.90000
31.00000
30.90000
31.00000
31.00000
31.00000
31.00000
31.00000
31.00000
31.00000
31.00000
31.00000
31.00000
31.00000
31.00000
31.00000
31.00000
31.00000
31.00000
31.00000
31.00000
31.00000
30.90000
31.00000
31.00000
31.00000
30.90000
31.00000
31.00000
31.00000
31.00000
31.00000
31.00000
30.90000
31.00000
30.90000
31.00000
31.00000
31.00000
31.00000
