33.90000
36.80000
32.80000
31.20000
31.30000
40.80000
34.70000
35.40000
31.20000
31.10000
31.10000
31.30000
31.40000
31.40000
31.40000
31.40000
31.50000
31.50000
31.40000
31.20000
31.40000
31.10000
31.20000
31.20000
32.90000
31.20000
31.00000
31.00000
31.00000
31.00000
30.90000
31.00000
31.00000
31.10000
31.20000
31.30000
31.20000
31.20000
31.40000
31.30000
31.30000
31.30000
31.20000
31.10000
31.10000
31.20000
31.20000
31.00000
31.10000
31.30000
31.40000
31.20000
31.20000
31.00000
31.00000
31.10000
50.50000
31.00000
31.00000
31.10000
31.10000
31.10000
30.90000
30.90000
