70.30000
70.30000
70.70000
70.40000
71.40000
72.00000
71.40000
70.60000
71.60000
71.80000
71.70000
71.80000
71.80000
72.10000
72.40000
72.20000
72.70000
72.30000
72.40000
72.30000
72.50000
72.60000
71.90000
72.10000
69.50000
69.40000
69.70000
69.90000
70.00000
69.90000
69.60000
69.60000
69.80000
69.10000
70.70000
70.70000
70.20000
70.50000
71.20000
72.30000
71.80000
71.40000
70.90000
70.10000
71.50000
71.30000
71.30000
71.10000
71.50000
71.30000
70.30000
70.60000
72.00000
71.80000
73.50000
71.40000
70.40000
71.00000
71.30000
70.90000
68.50000
31.10000
56.50000
70.90000
