61.70000
61.50000
61.30000
61.10000
61.70000
61.70000
61.20000
60.60000
61.10000
60.80000
61.10000
60.60000
60.50000
60.80000
60.50000
60.40000
59.80000
59.60000
60.70000
60.60000
60.60000
59.70000
60.20000
60.70000
60.80000
59.90000
61.00000
60.90000
61.20000
58.10000
59.20000
59.70000
60.10000
59.60000
59.90000
59.50000
60.00000
59.70000
60.20000
60.80000
61.50000
61.00000
61.70000
60.20000
61.90000
61.10000
60.10000
61.80000
60.60000
59.90000
60.80000
61.00000
59.80000
60.10000
60.60000
60.90000
61.40000
61.20000
61.10000
61.00000
60.90000
61.20000
60.70000
60.30000
