63.30000
67.90000
65.30000
81.30000
66.50000
70.10000
71.70000
73.90000
70.40000
71.40000
71.90000
68.30000
68.50000
66.30000
66.10000
68.30000
68.20000
66.50000
68.40000
63.50000
67.80000
69.00000
68.90000
66.10000
67.20000
68.00000
69.20000
69.50000
70.30000
71.70000
73.40000
74.10000
62.50000
60.10000
64.50000
62.90000
53.00000
66.20000
65.70000
72.80000
65.70000
69.40000
65.70000
63.10000
57.90000
61.70000
70.60000
62.10000
59.00000
63.60000
60.60000
65.80000
68.50000
69.60000
70.80000
69.10000
69.10000
75.20000
67.90000
55.70000
58.80000
60.50000
67.30000
68.00000
