68.20000
59.40000
57.30000
56.50000
61.30000
60.90000
60.70000
61.50000
62.30000
61.10000
65.80000
64.10000
61.50000
62.80000
60.30000
54.60000
60.50000
60.50000
63.30000
64.20000
60.10000
59.60000
64.30000
65.00000
64.00000
64.70000
66.90000
63.10000
59.30000
62.10000
64.00000
57.70000
60.70000
63.20000
62.70000
61.20000
61.50000
60.20000
63.20000
65.10000
66.10000
61.40000
57.30000
57.40000
64.60000
62.80000
60.50000
61.10000
58.30000
53.70000
60.00000
61.70000
61.30000
61.60000
60.20000
59.90000
56.70000
62.90000
62.50000
62.50000
60.20000
60.00000
68.30000
70.50000
