48.40000
53.10000
47.20000
48.20000
47.80000
48.50000
43.50000
50.00000
41.30000
44.20000
35.50000
43.00000
47.20000
44.50000
45.70000
44.10000
42.60000
44.10000
45.70000
47.50000
49.30000
49.40000
42.50000
39.90000
44.50000
46.20000
46.40000
48.90000
51.30000
50.50000
51.40000
52.90000
39.50000
47.70000
51.00000
51.30000
45.60000
46.60000
43.70000
46.60000
50.40000
48.50000
48.50000
45.60000
40.40000
50.30000
47.20000
42.50000
48.70000
44.70000
55.10000
52.20000
50.20000
49.40000
51.40000
48.00000
47.80000
47.20000
50.00000
41.50000
47.20000
47.10000
48.30000
49.80000
